id,x,y
1,129,196|2,175,249|3,272,305|4,126,304|5,128,351|6,179,407|7,166,512
8,308,250|9,289,304|10,125,354|11,184,458|12,120,514
13,321,103|14,135,141|15,55,182|16,308,261|17,142,300|18,58,341|19,112,378|20,128,459|21,208,539|22,254,578|23,51,615
24,77,100|25,219,139|26,163,220|27,317,338|28,164,378|29,314,498|30,271,576|31,54,618
32,56,180|33,194,378|34,58,459|35,83,537|36,58,618
37,390,179|38,82,221|39,391,298|40,238,379|41,392,459|42,55,502|43,55,584|44,52,621
45,134,99|46,49,141|47,197,217|48,237,298|49,204,338|50,199,375|51,54,418|52,391,493|53,53,498|54,324,573|55,50,614
56,285,139|57,164,179|58,394,256|59,57,258|60,57,299|61,391,456|62,161,499|63,177,538|64,55,617
65,242,140|66,220,219|67,54,340|68,49,615
69,91,139|70,163,219|71,334,299|72,193,339|73,133,379|74,95,459|75,54,538|76,51,616
77,244,99|78,84,181|79,56,221|80,240,298|81,396,454|82,275,536|83,56,618
84,57,62|85,314,138|86,389,255|87,217,337|88,292,415|89,90,459|90,53,615
91,58,101|92,198,380|93,342,460|94,103,580|95,49,617
96,53,142|97,392,298|98,301,419|99,56,461|100,53,620
101,51,99|102,390,175|103,77,259|104,393,374|105,139,418|106,54,460|107,294,536|108,51,617
109,165,382|110,401,457|111,56,502|112,57,616
113,179,102|114,287,182|115,223,261|116,395,420|117,394,500|118,302,579|119,55,617
120,236,181|121,182,301|122,54,341|123,230,421|124,130,460|125,149,579|126,53,622
127,149,143|128,252,220|129,130,262|130,253,342|131,242,421|132,337,539|133,52,619
134,202,102|135,218,182|136,172,262|137,186,343|138,207,381|139,283,459|140,221,579|141,50,617
142,192,103|143,56,222|144,392,340|145,325,380|146,82,420|147,258,578|148,52,617
149,321,141|150,291,339|151,302,498|152,49,617
153,128,100|154,197,140|155,233,220|156,242,298|157,302,458|158,109,536|159,144,577|160,50,614
161,295,101|162,396,179|163,395,220|164,286,261|165,117,340|166,390,460|167,215,500|168,389,580|169,391,620|170,47,615
171,112,220|172,54,340|173,217,419|174,53,499|175,132,577|176,51,618
177,320,141|178,391,219|179,112,260|180,298,379|181,152,499|182,253,578|183,49,617
184,205,301|185,213,459|186,155,498|187,123,580|188,49,617
189,222,101|190,290,181|191,92,303|192,152,541|193,46,619
194,221,341|195,152,419|196,300,578|197,53,617
198,108,141|199,274,178|200,119,221|201,342,338|202,198,378|203,50,615
204,264,181|205,282,343|206,54,380|207,343,541|208,53,581|209,51,621
210,102,144|211,169,221|212,278,300|213,109,341|214,270,418|215,223,499|216,387,578|217,47,614
218,116,102|219,393,221|220,294,421|221,251,541|222,50,619
223,180,144|224,238,420|225,242,499|226,49,620
227,58,139|228,146,339|229,54,458|230,391,578|231,51,615
232,242,102|233,127,144|234,221,184|235,149,342|236,308,540|237,48,619
238,54,217|239,261,377|240,49,615
241,394,179|242,263,380|243,395,499|244,53,617
245,333,102|246,393,180|247,174,299|248,171,340|249,138,379|250,53,498|251,53,539|252,52,617
253,98,261|254,56,459|255,49,619
256,53,302|257,273,420|258,192,580|259,51,620
260,243,261|261,177,343|262,271,540|263,51,623
264,304,181|265,153,338|266,57,613
267,51,181|268,197,298|269,389,418|270,246,458|271,54,619
272,227,178|273,139,339|274,393,496|275,54,538|276,51,618
277,133,102|278,213,221|279,391,378|280,249,538|281,54,616
282,107,221|283,54,263|284,266,380|285,137,419|286,129,500|287,248,578|288,52,617
289,48,617
290,170,182|291,215,300|292,131,420|293,53,619
294,364,142|295,168,142|296,77,184|297,173,262|298,201,303|299,80,344|300,277,541|301,173,581|302,49,619
303,152,103|304,261,182|305,125,223|306,320,380|307,108,502|308,64,620
309,310,103|310,109,142|311,178,221|312,198,341|313,182,461|314,289,578|315,53,617
316,62,101|317,189,180|318,289,260|319,124,340|320,55,418|321,80,537|322,51,618
323,193,143|324,391,219|325,335,261|326,228,302|327,320,341|328,85,381|329,204,501|330,52,619
331,238,102|332,119,182|333,206,263|334,108,344|335,245,421|336,240,461|337,125,542|338,50,619
339,58,62|340,55,140|341,52,181|342,53,380|343,254,500|344,230,541|345,51,618
346,295,100|347,326,140|348,113,259|349,274,340|350,49,380|351,85,421|352,301,498|353,48,501|354,47,618
355,297,102|356,51,103|357,300,260|358,313,341|359,330,421|360,163,461|361,327,541|362,112,582|363,45,621
364,295,102|365,285,183|366,349,302|367,329,342|368,52,462|369,76,501|370,49,620
371,300,180|372,255,300|373,52,341|374,53,502|375,54,540|376,54,619
377,207,181|378,57,221|379,320,339|380,198,377|381,175,418|382,115,459|383,229,536|384,51,616
385,254,102|386,389,220|387,306,260|388,255,301|389,198,341|390,390,459|391,295,499|392,267,579|393,50,620
394,57,101|395,326,181|396,393,342|397,81,380|398,213,460|399,166,537|400,125,579|401,58,618
402,401,99|403,236,220|404,101,262|405,149,418|406,288,499|407,137,578|408,55,615
409,50,103|410,140,219|411,55,341|412,52,460|413,201,580|414,56,621
415,240,101|416,179,142|417,339,222|418,392,300|419,145,341|420,121,380|421,390,461|422,160,500|423,281,580|424,390,618|425,56,619
426,146,100|427,140,180|428,210,299|429,221,379|430,393,458|431,54,462|432,393,538|433,50,619
434,72,63|435,238,140|436,125,182|437,133,303|438,227,419|439,161,501|440,133,579|441,51,619
442,59,102|443,113,144|444,243,261|445,377,499|446,62,619
447,202,339|448,96,418|449,231,577|450,49,620
451,153,65|452,151,184|453,160,262|454,178,342|455,398,420|456,55,422|457,57,543|458,55,617
459,395,101|460,181,221|461,228,303|462,103,343|463,56,422|464,329,501|465,56,542|466,55,624
467,173,103|468,51,145|469,352,260|470,205,301|471,268,379|472,81,503|473,52,620
474,222,144|475,177,182|476,51,302|477,208,381|478,274,502|479,47,621
480,214,140|481,124,220|482,107,259|483,281,337|484,54,420|485,343,496|486,202,577|487,52,619
488,50,216|489,126,256|490,166,295|491,112,376|492,265,534|493,52,574
494,172,179|495,306,260|496,96,341|497,324,418|498,89,460|499,48,622
500,325,143|501,392,220|502,49,262|503,141,341|504,48,619
505,392,461|506,54,541|507,58,620
508,390,183|509,391,262|510,246,343|511,159,462|512,53,621
513,251,142|514,338,221|515,279,301|516,50,619
517,340,262|518,395,580|519,51,620
520,168,104|521,171,142|522,232,263|523,348,341|524,55,381|525,341,540|526,52,619
527,190,262|528,391,384|529,225,542|530,48,617
531,355,139|532,145,179|533,307,257|534,178,299|535,320,377|536,264,577|537,52,616
538,53,66|539,329,260|540,314,379|541,392,457|542,271,498|543,270,539|544,63,619
545,53,62|546,81,102|547,56,182|548,397,261|549,280,342|550,99,420|551,358,541|552,53,619
553,292,181|554,324,263|555,269,342|556,245,421|557,209,540|558,52,620
559,172,140|560,277,179|561,53,180|562,277,299|563,320,338|564,196,378|565,339,458|566,281,538|567,51,617
568,353,180|569,262,260|570,97,420|571,299,580|572,46,619
573,287,100|574,392,220|575,244,261|576,54,378|577,282,500|578,212,580|579,48,617
580,217,101|581,100,180|582,52,299|583,56,460|584,54,615
585,224,341|586,100,421|587,55,621
588,179,182|589,221,221|590,257,339|591,60,381|592,62,421|593,125,541|594,56,618
595,54,341|596,133,461|597,339,579|598,52,619
599,122,64|600,308,144|601,227,223|602,132,302|603,342,383|604,242,422|605,96,463|606,57,618
607,87,141|608,345,258|609,394,339|610,255,377|611,213,420|612,58,541|613,56,582|614,54,618
615,160,139|616,113,219|617,94,297|618,97,379|619,345,455|620,54,614
621,246,179|622,251,301|623,141,342|624,54,461|625,54,500|626,273,577|627,51,616
628,93,181|629,304,342|630,351,420|631,98,419|632,189,502|633,50,618
634,53,182|635,355,298|636,177,342|637,140,419|638,52,462|639,237,578|640,55,616
641,291,100|642,205,140|643,190,260|644,141,301|645,121,380|646,53,541|647,52,616
648,253,140|649,310,182|650,297,299|651,396,340|652,216,380|653,358,457|654,104,497|655,50,613
656,257,181|657,308,260|658,393,339|659,119,380|660,395,459|661,283,499|662,233,539|663,54,619
664,151,258|665,315,376|666,132,501|667,53,540|668,51,616
669,54,222|670,310,418|671,51,616
672,56,299|673,393,455|674,52,615
675,58,339|676,320,457|677,205,577|678,56,616
679,325,99|680,289,220|681,92,463|682,51,618
683,199,181|684,328,338|685,395,455|686,60,621
687,220,183|688,313,305|689,141,384|690,267,463|691,276,543|692,48,624
693,108,99|694,312,179|695,395,257|696,189,339|697,299,418|698,122,458|699,58,499|700,59,619
701,93,221|702,397,418|703,223,461|704,233,540|705,50,619
706,269,101|707,396,177|708,237,221|709,194,302|710,49,619
711,219,179|712,210,259|713,141,459|714,51,617
715,108,141|716,194,217|717,183,458|718,112,576|719,53,618
720,333,144|721,51,219|722,96,301|723,292,460|724,134,500|725,110,540|726,50,617
727,333,97|728,74,141|729,209,258|730,397,335|731,209,378|732,343,457|733,58,619
734,141,100|735,292,217|736,119,301|737,393,455|738,234,538|739,50,620
740,310,137|741,57,260|742,154,378|743,55,421|744,301,577|745,49,619
746,145,140|747,52,219|748,234,299|749,49,380|750,394,494|751,52,615
752,321,143|753,107,182|754,215,262|755,182,301|756,273,380|757,155,420|758,50,619
759,128,103|760,101,182|761,265,260|762,394,376|763,260,457|764,55,617
765,299,142|766,313,263|767,301,302|768,262,344|769,279,422|770,88,504|771,60,543|772,53,620
773,271,144|774,208,222|775,120,422|776,87,540|777,49,621
778,223,104|779,331,422|780,101,462|781,338,581|782,51,620
783,311,140|784,49,183|785,75,341|786,200,461|787,146,498|788,50,581|789,52,621
790,118,185|791,337,263|792,213,305|793,172,345|794,75,384|795,344,543|796,155,583|797,57,626
798,310,103|799,53,141|800,314,223|801,391,342|802,392,378|803,232,459|804,243,501|805,213,541|806,351,619|807,51,619
808,335,183|809,115,221|810,394,302|811,267,341|812,272,380|813,270,420|814,268,540|815,196,579|816,55,619
817,289,103|818,327,142|819,395,219|820,198,303|821,393,379|822,153,422|823,390,539|824,56,621
825,337,100|826,76,143|827,53,220|828,95,302|829,233,378|830,143,418|831,391,497|832,97,538|833,57,618
834,54,64|835,281,182|836,79,222|837,196,301|838,167,341|839,288,462|840,389,542|841,50,621
842,80,100|843,54,220|844,53,260|845,53,342|846,323,460|847,51,501|848,53,620
849,212,143|850,246,221|851,183,261|852,265,341|853,297,378|854,54,459|855,91,502|856,229,541|857,55,621
858,207,101|859,211,297|860,190,458|861,143,498|862,51,618
863,199,105|864,52,144|865,255,224|866,331,303|867,54,342|868,173,423|869,294,541|870,51,622
871,293,103|872,54,141|873,52,259|874,53,299|875,327,380|876,184,417|877,332,496|878,392,578|879,52,618
880,51,182|881,216,301|882,195,501|883,56,621
884,142,100|885,297,180|886,394,260|887,164,300|888,257,499|889,310,575|890,56,618
891,152,101|892,57,142|893,185,220|894,55,261|895,323,341|896,198,381|897,336,500|898,281,578|899,53,619
900,259,142|901,393,263|902,131,302|903,214,419|904,84,461|905,135,540|906,55,579|907,58,621
908,59,141|909,210,221|910,55,301|911,161,421|912,144,499|913,57,620
914,301,180|915,243,218|916,204,259|917,269,416|918,275,457|919,98,576|920,57,619
921,309,101|922,114,180|923,116,220|924,395,340|925,214,499|926,57,618
927,308,180|928,273,299|929,162,378|930,60,537|931,58,616
932,56,138|933,129,338|934,259,497|935,54,618
936,191,102|937,203,257|938,220,300|939,106,417|940,59,616
941,59,183|942,342,301|943,296,381|944,242,419|945,394,499|946,54,620
947,311,179|948,396,259|949,176,298|950,329,378|951,315,416|952,403,455|953,200,537|954,55,618
955,349,145|956,189,185|957,57,223|958,397,300|959,342,341|960,326,382|961,55,384|962,321,463|963,170,504|964,54,543|965,56,624
966,299,101|967,218,140|968,394,178|969,231,178|970,283,220|971,84,259|972,346,342|973,113,379|974,319,499|975,56,498|976,52,618
977,321,101|978,202,141|979,245,180|980,215,259|981,127,376|982,74,453|983,95,537|984,56,616
985,191,101|986,311,220|987,154,301|988,54,339|989,122,418|990,308,498|991,54,616
992,54,176|993,169,258|994,323,377|995,231,417|996,249,497|997,56,612
998,259,142|999,231,182|1000,229,264|1001,129,303|1002,263,380|1003,393,461|1004,305,540|1005,55,621
1006,343,102|1007,56,219|1008,189,378|1009,169,419|1010,192,499|1011,56,618
1012,57,105|1013,56,185|1014,94,226|1015,393,303|1016,305,345|1017,114,383|1018,169,464|1019,392,541|1020,118,583|1021,56,623
1022,114,61|1023,394,220|1024,395,296|1025,290,418|1026,393,497|1027,57,617
1028,305,180|1029,310,299|1030,240,341|1031,319,418|1032,331,460|1033,389,538|1034,219,577|1035,53,618
1036,161,104|1037,173,144|1038,56,183|1039,392,423|1040,171,542|1041,53,622
1042,324,142|1043,115,262|1044,393,343|1045,53,340|1046,239,422|1047,268,501|1048,71,538|1049,54,620
1050,320,140|1051,304,179|1052,258,218|1053,164,260|1054,55,340|1055,118,460|1056,393,537|1057,55,580|1058,55,618
1059,132,103|1060,113,144|1061,213,183|1062,333,221|1063,363,262|1064,58,261|1065,105,300|1066,279,342|1067,169,381|1068,296,419|1069,263,460|1070,56,503|1071,343,578|1072,110,579|1073,245,621|1074,55,621
1075,239,63|1076,83,62|1077,107,143|1078,53,180|1079,236,221|1080,394,302|1081,166,380|1082,130,459|1083,214,580|1084,53,616
1085,242,142|1086,155,180|1087,175,261|1088,331,378|1089,223,418|1090,54,458|1091,56,618
1092,252,142|1093,266,183|1094,171,221|1095,270,340|1096,260,459|1097,56,619
1098,135,101|1099,297,219|1100,265,378|1101,310,458|1102,120,539|1103,56,617
1104,321,220|1105,163,261|1106,231,340|1107,392,421|1108,102,460|1109,58,620
1110,155,180|1111,83,419|1112,56,575|1113,54,618
1114,80,260|1115,56,380|1116,303,499|1117,54,620
1118,56,103|1119,396,217|1120,398,261|1121,301,338|1122,220,418|1123,176,578|1124,54,618
1125,59,106|1126,168,223|1127,322,300|1128,395,342|1129,128,384|1130,211,543|1131,142,581|1132,57,623
1133,56,143|1134,170,223|1135,193,262|1136,157,301|1137,308,337|1138,283,376|1139,186,461|1140,177,499|1141,55,620
1142,191,139|1143,56,259|1144,281,335|1145,393,375|1146,57,376|1147,260,454|1148,291,533|1149,58,616
1150,57,61|1151,268,140|1152,143,181|1153,180,221|1154,93,261|1155,277,341|1156,316,380|1157,207,461|1158,146,501|1159,202,580|1160,59,620
1161,332,220|1162,326,300|1163,336,340|1164,172,379|1165,55,420|1166,298,500|1167,394,616|1168,55,618
1169,228,103|1170,301,182|1171,56,262|1172,150,379|1173,297,459|1174,304,500|1175,173,539|1176,55,618
1177,238,140|1178,318,178|1179,101,258|1180,327,339|1181,305,376|1182,264,416|1183,140,455|1184,298,575|1185,54,615
1186,180,143|1187,391,219|1188,261,261|1189,183,343|1190,224,419|1191,280,499|1192,243,579|1193,56,621
1194,183,140|1195,232,217|1196,307,334|1197,133,413|1198,169,494|1199,120,574|1200,57,613
1201,78,184|1202,297,381|1203,90,463|1204,304,580|1205,54,620
1206,178,104|1207,141,183|1208,132,342|1209,56,422|1210,93,502|1211,54,542|1212,55,622
1213,167,100|1214,56,183|1215,55,221|1216,285,299|1217,175,338|1218,394,417|1219,58,421|1220,143,580|1221,58,620
1222,242,102|1223,182,180|1224,189,220|1225,135,338|1226,203,459|1227,148,536|1228,119,577|1229,55,620
1230,278,140|1231,121,179|1232,99,379|1233,225,459|1234,168,538|1235,54,616
1236,51,107|1237,213,183|1238,397,338|1239,214,421|1240,55,544|1241,54,622
1242,396,176|1243,315,257|1244,117,297|1245,54,340|1246,124,421|1247,397,535|1248,53,620
1249,134,103|1250,396,178|1251,170,257|1252,55,341|1253,157,459|1254,337,577|1255,54,620
1256,305,98|1257,338,138|1258,95,215|1259,254,415|1260,173,535|1261,55,619
1262,338,100|1263,158,219|1264,395,378|1265,213,498|1266,56,618
1267,130,100|1268,157,177|1269,128,338|1270,305,454|1271,58,618
1272,179,180|1273,57,298|1274,344,414|1275,56,619
1276,55,100|1277,56,220|1278,196,300|1279,199,382|1280,238,458|1281,168,537|1282,55,618
1283,55,100|1284,396,218|1285,272,297|1286,396,375|1287,78,455|1288,299,535|1289,54,615
1290,56,100|1291,290,179|1292,167,220|1293,275,300|1294,186,379|1295,100,500|1296,54,618
1297,164,99|1298,205,178|1299,177,262|1300,185,339|1301,209,418|1302,117,537|1303,55,618
1304,123,221|1305,241,378|1306,56,502|1307,60,623
1308,171,101|1309,257,300|1310,55,339|1311,396,416|1312,113,458|1313,320,539|1314,56,619
1315,188,138|1316,238,259|1317,229,300|1318,308,420|1319,391,500|1320,88,539|1321,53,616
1322,291,104|1323,228,183|1324,87,227|1325,393,341|1326,55,424|1327,186,538|1328,58,624
1329,129,181|1330,290,298|1331,393,377|1332,84,421|1333,117,500|1334,54,618
1335,271,176|1336,352,295|1337,54,335|1338,130,415|1339,241,493|1340,221,571|1341,58,613
1342,391,181|1343,225,261|1344,262,381|1345,55,419|1346,53,616
1347,271,178|1348,137,260|1349,393,379|1350,94,419|1351,184,497|1352,53,619
1353,335,179|1354,293,218|1355,53,417|1356,337,537|1357,53,616
1358,55,98|1359,393,217|1360,118,256|1361,150,337|1362,392,456|1363,278,534|1364,58,577
1365,188,103|1366,311,222|1367,310,344|1368,212,461|1369,303,579|1370,57,621
1371,162,96|1372,183,136|1373,187,215|1374,275,293|1375,112,372|1376,200,493|1377,144,573|1378,57,616
1379,121,177|1380,117,257|1381,238,340|1382,105,458|1383,397,576|1384,54,617
1385,394,137|1386,327,298|1387,56,378|1388,85,578|1389,52,622
1390,105,103|1391,162,222|1392,118,300|1393,55,343|1394,161,419|1395,195,539|1396,107,580|1397,53,621
1398,216,102|1399,53,179|1400,291,261|1401,266,339|1402,51,382|1403,54,460|1404,312,539|1405,108,581|1406,53,618
1407,292,100|1408,233,141|1409,279,219|1410,111,261|1411,316,340|1412,393,376|1413,50,418|1414,318,496|1415,312,535|1416,169,579|1417,53,617
1418,319,141|1419,157,182|1420,278,221|1421,400,302|1422,334,341|1423,328,421|1424,314,500|1425,59,622
1426,390,101|1427,132,104|1428,225,181|1429,137,222|1430,180,341|1431,221,419|1432,319,537|1433,302,576|1434,60,619
1435,287,182|1436,58,221|1437,394,339|1438,326,420|1439,55,462|1440,56,501|1441,324,577|1442,54,621
1443,157,60|1444,154,100|1445,283,179|1446,319,216|1447,202,299|1448,136,338|1449,97,377|1450,204,420|1451,150,499|1452,52,619
1453,258,101|1454,280,222|1455,294,262|1456,54,304|1457,250,418|1458,124,498|1459,395,579|1460,396,618|1461,55,620
1462,333,141|1463,77,182|1464,240,259|1465,51,303|1466,112,378|1467,395,455|1468,249,538|1469,187,577|1470,56,619
1471,257,143|1472,95,224|1473,51,264|1474,51,381|1475,143,419|1476,359,540|1477,102,540|1478,51,620
1479,155,105|1480,238,261|1481,52,340|1482,269,420|1483,50,460|1484,298,540|1485,52,619
1486,52,106|1487,193,182|1488,394,256|1489,114,299|1490,88,461|1491,163,576|1492,57,621
1493,192,142|1494,126,182|1495,189,222|1496,255,300|1497,390,377|1498,50,383|1499,392,458|1500,394,576|1501,53,623
1502,285,143|1503,287,182|1504,295,302|1505,84,341|1506,119,381|1507,201,459|1508,53,504|1509,196,579|1510,52,619
1511,55,103|1512,343,175|1513,158,258|1514,90,298|1515,54,378|1516,285,497|1517,260,575|1518,61,617
1519,55,107|1520,119,186|1521,102,264|1522,120,344|1523,193,420|1524,56,463|1525,317,582|1526,58,627
1527,174,103|1528,260,141|1529,394,218|1530,392,300|1531,215,341|1532,105,383|1533,276,460|1534,394,577|1535,54,622
1536,320,140|1537,308,215|1538,134,254|1539,100,335|1540,397,413|1541,346,455|1542,85,493|1543,154,574|1544,56,613
1545,297,101|1546,125,140|1547,54,180|1548,222,221|1549,87,260|1550,309,338|1551,395,459|1552,397,497|1553,89,498|1554,53,620
1555,187,103|1556,187,142|1557,104,260|1558,52,341|1559,328,420|1560,198,500|1561,52,620
1562,341,140|1563,305,178|1564,304,259|1565,339,341|1566,127,419|1567,55,500|1568,96,538|1569,154,578|1570,57,620
1571,327,102|1572,294,140|1573,240,180|1574,54,260|1575,317,339|1576,95,379|1577,222,420|1578,183,459|1579,216,499|1580,375,577|1581,56,619
1582,54,100|1583,394,219|1584,343,257|1585,228,298|1586,295,378|1587,392,458|1588,99,456|1589,128,578|1590,56,617
1591,392,100|1592,127,142|1593,175,221|1594,191,262|1595,393,298|1596,54,342|1597,195,460|1598,267,498|1599,290,576|1600,55,621
1601,161,103|1602,255,223|1603,284,262|1604,95,302|1605,259,381|1606,344,460|1607,314,500|1608,316,543|1609,119,582|1610,54,621
1611,104,103|1612,245,141|1613,178,222|1614,193,302|1615,209,380|1616,89,422|1617,109,581|1618,53,622
1619,225,141|1620,124,223|1621,359,341|1622,323,421|1623,298,458|1624,177,500|1625,391,577|1626,54,619
1627,359,179|1628,302,259|1629,394,338|1630,347,378|1631,326,418|1632,319,536|1633,60,620
1634,125,145|1635,394,220|1636,257,340|1637,120,421|1638,391,540|1639,55,619
1640,54,64|1641,333,142|1642,81,221|1643,289,300|1644,177,343|1645,169,383|1646,86,461|1647,87,582|1648,56,624
1649,254,105|1650,86,144|1651,108,181|1652,104,262|1653,144,302|1654,85,341|1655,179,420|1656,195,461|1657,306,498|1658,392,574|1659,55,618
1660,130,107|1661,99,226|1662,393,346|1663,86,427|1664,393,583|1665,56,626
1666,135,104|1667,226,143|1668,124,188|1669,391,264|1670,115,265|1671,393,345|1672,197,463|1673,314,584|1674,50,623
1675,288,104|1676,393,262|1677,393,344|1678,265,384|1679,242,464|1680,56,502|1681,191,581|1682,57,623
1683,386,141|1684,198,223|1685,156,262|1686,306,378|1687,211,420|1688,61,466|1689,157,540|1690,340,613|1691,59,619
1692,86,104|1693,130,142|1694,100,181|1695,264,262|1696,112,421|1697,191,539|1698,391,620|1699,53,622
1700,55,61|1701,257,143|1702,306,179|1703,120,220|1704,209,299|1705,85,420|1706,390,537|1707,51,619
1708,216,183|1709,307,301|1710,133,381|1711,56,503|1712,56,624
1713,205,140|1714,392,217|1715,136,261|1716,181,299|1717,347,377|1718,359,496|1719,219,536|1720,55,619
1721,319,142|1722,174,182|1723,118,341|1724,54,501|1725,53,620
1726,311,98|1727,397,138|1728,258,178|1729,162,258|1730,293,339|1731,396,378|1732,301,454|1733,93,496|1734,192,578|1735,56,618
1736,351,101|1737,53,181|1738,186,383|1739,344,458|1740,176,578|1741,54,620
1742,287,143|1743,51,225|1744,94,306|1745,55,383|1746,57,423|1747,250,497|1748,338,578|1749,57,621
1750,53,103|1751,55,258|1752,175,338|1753,131,417|1754,391,539|1755,54,617
1756,141,179|1757,303,257|1758,216,298|1759,127,458|1760,55,618
1761,393,178|1762,393,257|1763,296,338|1764,142,380|1765,202,419|1766,285,457|1767,249,537|1768,54,616
1769,206,102|1770,392,141|1771,153,263|1772,393,497|1773,330,579|1774,57,621
1775,182,102|1776,393,181|1777,311,259|1778,221,301|1779,333,340|1780,163,379|1781,143,458|1782,135,579|1783,55,619
1784,90,104|1785,265,181|1786,55,224|1787,57,341|1788,229,417|1789,57,460|1790,346,537|1791,316,577|1792,59,618
1793,357,101|1794,326,221|1795,288,300|1796,391,380|1797,317,421|1798,224,459|1799,247,501|1800,270,542|1801,220,581|1802,54,620
1803,120,147|1804,174,187|1805,124,227|1806,176,265|1807,246,306|1808,257,345|1809,295,383|1810,311,424|1811,54,425|1812,136,466|1813,186,505|1814,277,542|1815,390,582|1816,391,622|1817,53,624
1818,57,61|1819,183,100|1820,269,140|1821,161,181|1822,206,221|1823,164,258|1824,331,340|1825,54,337|1826,54,378|1827,178,421|1828,226,457|1829,331,499|1830,225,537|1831,230,577|1832,341,614|1833,57,615
1834,124,62|1835,76,102|1836,230,142|1837,354,178|1838,115,180|1839,300,220|1840,116,220|1841,48,259|1842,183,299|1843,320,338|1844,259,379|1845,51,381|1846,86,419|1847,222,458|1848,52,459|1849,390,534|1850,52,541|1851,137,578|1852,255,619|1853,54,619
1854,91,60|1855,194,99|1856,193,138|1857,232,177|1858,252,216|1859,392,255|1860,141,258|1861,229,297|1862,310,338|1863,90,339|1864,248,377|1865,329,418|1866,95,420|1867,246,500|1868,200,539|1869,328,576|1870,94,579|1871,297,614|1872,55,619
1873,195,59|1874,341,100|1875,143,102|1876,125,142|1877,279,182|1878,126,180|1879,297,220|1880,54,220|1881,174,261|1882,287,301|1883,394,340|1884,115,338|1885,273,379|1886,54,380|1887,147,458|1888,313,499|1889,348,540|1890,121,581|1891,264,617|1892,55,621
1893,202,60|1894,342,97|1895,208,99|1896,307,137|1897,106,138|1898,115,178|1899,202,217|1900,302,258|1901,55,258|1902,395,416|1903,162,453|1904,108,495|1905,117,535|1906,392,614|1907,52,616
1908,153,102|1909,53,142|1910,321,220|1911,130,261|1912,53,341|1913,389,458|1914,133,500|1915,56,621
1916,272,99|1917,394,138|1918,87,142|1919,55,181|1920,163,220|1921,120,260|1922,156,299|1923,394,378|1924,243,421|1925,231,459|1926,267,538|1927,56,619
1928,199,137|1929,190,216|1930,114,258|1931,394,375|1932,133,415|1933,302,496|1934,125,576|1935,55,618
1936,389,177|1937,205,298|1938,54,339|1939,55,419|1940,280,498|1941,300,539|1942,338,615|1943,57,618
1944,231,103|1945,391,176|1946,125,220|1947,201,260|1948,254,298|1949,389,377|1950,191,417|1951,245,459|1952,153,501|1953,137,541|1954,80,577|1955,55,618
1956,114,65|1957,349,143|1958,396,183|1959,398,221|1960,158,260|1961,396,344|1962,251,422|1963,251,500|1964,316,582|1965,56,618
1966,275,103|1967,53,143|1968,181,224|1969,92,264|1970,331,380|1971,92,423|1972,283,540|1973,56,622
1974,199,100|1975,222,139|1976,228,261|1977,119,383|1978,87,460|1979,398,574|1980,56,619
1981,389,182|1982,180,299|1983,300,339|1984,194,381|1985,392,459|1986,318,500|1987,98,579|1988,56,619
1989,168,100|1990,212,218|1991,393,341|1992,238,420|1993,53,538|1994,53,618
1995,342,143|1996,149,183|1997,242,261|1998,157,340|1999,169,382|2000,90,422|2001,392,498|2002,394,578|2003,59,620
2004,336,142|2005,234,181|2006,389,261|2007,56,343|2008,115,420|2009,195,499|2010,182,539|2011,58,619
2012,159,101|2013,98,221|2014,314,300|2015,58,341|2016,280,461|2017,122,540|2018,295,581|2019,59,621
2020,52,100|2021,391,179|2022,394,218|2023,394,258|2024,271,298|2025,242,378|2026,50,460|2027,243,538|2028,394,617|2029,55,618
2030,261,221|2031,54,263|2032,55,304|2033,211,382|2034,257,461|2035,56,505|2036,58,620
2037,340,100|2038,55,141|2039,55,183|2040,54,220|2041,110,340|2042,312,418|2043,393,457|2044,351,538|2045,176,578|2046,55,617
2047,128,100|2048,279,176|2049,176,217|2050,395,296|2051,58,296|2052,115,415|2053,348,497|2054,192,538|2055,130,574|2056,54,615
2057,349,101|2058,198,142|2059,118,179|2060,311,259|2061,344,299|2062,245,377|2063,349,457|2064,242,498|2065,55,538|2066,317,616|2067,56,616
2068,180,101|2069,51,141|2070,52,181|2071,396,259|2072,148,259|2073,132,341|2074,344,417|2075,394,495|2076,99,540|2077,53,580|2078,56,621
2079,214,60|2080,304,179|2081,230,219|2082,323,298|2083,132,339|2084,278,416|2085,133,457|2086,54,538|2087,52,615
2088,322,141|2089,55,219|2090,198,297|2091,272,379|2092,203,419|2093,349,539|2094,283,578|2095,53,616
2096,178,101|2097,327,180|2098,267,261|2099,205,340|2100,186,419|2101,140,460|2102,237,539|2103,210,582|2104,56,619
2105,154,102|2106,80,141|2107,214,221|2108,103,260|2109,248,339|2110,258,380|2111,92,419|2112,396,497|2113,352,535|2114,199,577|2115,55,619
2116,73,59|2117,89,143|2118,299,221|2119,299,259|2120,200,299|2121,56,340|2122,261,459|2123,125,498|2124,187,578|2125,55,620
2126,55,143|2127,174,219|2128,51,303|2129,207,381|2130,191,459|2131,255,540|2132,234,581|2133,57,617
2134,57,63|2135,57,103|2136,221,183|2137,283,223|2138,323,262|2139,296,341|2140,53,381|2141,53,502|2142,115,580|2143,329,619|2144,55,618
2145,195,99|2146,86,138|2147,392,218|2148,139,217|2149,56,257|2150,223,338|2151,227,376|2152,247,416|2153,112,457|2154,103,536|2155,57,617
2156,378,142|2157,190,260|2158,209,381|2159,274,578|2160,56,618
2161,163,179|2162,180,338|2163,251,376|2164,394,457|2165,393,496|2166,270,575|2167,53,616
2168,328,178|2169,232,297|2170,108,338|2171,118,458|2172,242,534|2173,170,575|2174,56,617
2175,360,102|2176,220,142|2177,393,217|2178,108,222|2179,255,300|2180,364,376|2181,54,380|2182,127,461|2183,141,500|2184,205,540|2185,55,619
2186,210,102|2187,118,142|2188,258,220|2189,227,340|2190,243,460|2191,393,541|2192,158,578|2193,58,617
2194,209,103|2195,187,180|2196,81,260|2197,100,378|2198,55,459|2199,327,535|2200,130,577|2201,54,617
2202,327,100|2203,306,179|2204,339,221|2205,209,259|2206,180,297|2207,320,338|2208,80,339|2209,83,379|2210,391,457|2211,166,498|2212,262,538|2213,257,578|2214,57,617
2215,111,62|2216,391,138|2217,182,221|2218,90,259|2219,131,339|2220,394,419|2221,396,458|2222,124,577|2223,55,619
2224,117,57|2225,394,96|2226,325,176|2227,277,219|2228,192,257|2229,83,257|2230,322,336|2231,99,337|2232,360,376|2233,257,413|2234,365,495|2235,326,536|2236,395,614|2237,53,615
2238,348,103|2239,314,144|2240,52,144|2241,364,219|2242,191,260|2243,347,299|2244,305,340|2245,128,381|2246,134,422|2247,101,460|2248,258,498|2249,75,540|2250,55,615
2251,295,143|2252,52,146|2253,212,184|2254,348,263|2255,130,305|2256,138,342|2257,390,419|2258,142,461|2259,345,540|2260,158,580|2261,55,622
2262,55,62|2263,164,104|2264,263,142|2265,281,180|2266,237,219|2267,106,261|2268,176,301|2269,173,340|2270,144,379|2271,217,460|2272,278,499|2273,53,540|2274,55,580|2275,56,620
2276,57,103|2277,365,181|2278,327,219|2279,306,258|2280,367,299|2281,229,339|2282,311,379|2283,288,419|2284,278,457|2285,166,500|2286,198,539|2287,112,577|2288,56,620
2289,395,96|2290,99,100|2291,167,139|2292,100,184|2293,361,258|2294,351,299|2295,242,337|2296,87,380|2297,55,420|2298,220,497|2299,53,538|2300,54,579|2301,55,619
2302,130,64|2303,259,103|2304,213,145|2305,198,183|2306,282,222|2307,142,220|2308,161,344|2309,395,420|2310,277,460|2311,233,501|2312,207,544|2313,275,580|2314,58,622
2315,283,99|2316,317,139|2317,302,180|2318,185,218|2319,182,259|2320,283,299|2321,301,338|2322,334,379|2323,76,418|2324,95,459|2325,285,574|2326,55,615
2327,395,99|2328,109,102|2329,101,143|2330,263,178|2331,282,217|2332,311,259|2333,326,300|2334,55,300|2335,166,339|2336,298,375|2337,295,417|2338,93,418|2339,289,459|2340,186,496|2341,394,538|2342,161,539|2343,135,578|2344,302,618|2345,56,618
2346,316,100|2347,188,139|2348,57,175|2349,356,296|2350,137,298|2351,323,338|2352,53,337|2353,215,377|2354,163,416|2355,248,456|2356,335,496|2357,127,496|2358,244,574|2359,51,576|2360,54,614
2361,208,65|2362,176,106|2363,141,144|2364,129,185|2365,270,222|2366,116,264|2367,338,300|2368,125,303|2369,146,345|2370,95,382|2371,282,420|2372,91,422|2373,269,463|2374,160,464|2375,357,501|2376,259,502|2377,93,503|2378,366,537|2379,239,541|2380,117,539|2381,361,579|2382,248,581|2383,105,580|2384,257,620|2385,56,621
2386,224,60|2387,175,141|2388,54,259|2389,265,299|2390,336,341|2391,153,342|2392,260,379|2393,320,420|2394,388,459|2395,341,539|2396,353,577|2397,176,578|2398,241,617|2399,54,614
2400,55,67|2401,86,144|2402,99,184|2403,90,221|2404,187,260|2405,216,301|2406,354,377|2407,393,418|2408,131,419|2409,263,499|2410,344,537|2411,100,578|2412,59,619
2413,85,65|2414,391,140|2415,170,142|2416,321,182|2417,170,222|2418,213,262|2419,261,379|2420,317,460|2421,200,497|2422,181,540|2423,122,580|2424,60,620
2425,150,101|2426,168,142|2427,332,180|2428,84,220|2429,175,301|2430,187,340|2431,297,379|2432,324,416|2433,335,458|2434,344,575|2435,59,619
2436,268,99|2437,237,141|2438,356,218|2439,395,257|2440,141,258|2441,279,297|2442,358,374|2443,143,378|2444,108,457|2445,97,576|2446,53,616
2447,332,100|2448,392,140|2449,109,144|2450,151,180|2451,244,219|2452,184,263|2453,250,301|2454,58,302|2455,214,340|2456,396,420|2457,367,460|2458,363,499|2459,325,541|2460,247,577|2461,55,621
2462,121,108|2463,116,147|2464,391,223|2465,271,265|2466,52,265|2467,176,304|2468,348,381|2469,50,424|2470,176,463|2471,147,544|2472,352,620|2473,52,623
2474,95,64|2475,357,138|2476,115,183|2477,134,225|2478,79,305|2479,188,384|2480,397,460|2481,283,498|2482,233,577|2483,55,621
2484,54,145|2485,335,222|2486,315,299|2487,253,342|2488,391,419|2489,391,459|2490,183,500|2491,144,536|2492,52,581|2493,51,622
2494,319,98|2495,54,101|2496,343,177|2497,152,179|2498,125,220|2499,182,258|2500,156,297|2501,395,375|2502,203,416|2503,323,455|2504,394,495|2505,320,538|2506,83,538|2507,57,619
2508,280,103|2509,235,141|2510,260,182|2511,392,258|2512,168,300|2513,172,382|2514,335,458|2515,292,500|2516,214,541|2517,169,579|2518,59,622
2519,268,139|2520,231,180|2521,230,218|2522,285,298|2523,147,340|2524,296,418|2525,78,459|2526,165,537|2527,55,620
2528,305,103|2529,144,145|2530,389,258|2531,322,299|2532,259,344|2533,333,380|2534,317,421|2535,292,459|2536,57,462|2537,88,503|2538,199,540|2539,390,617|2540,58,623
2541,391,102|2542,55,103|2543,138,143|2544,169,183|2545,233,223|2546,141,261|2547,146,302|2548,100,342|2549,340,420|2550,324,462|2551,334,500|2552,56,504|2553,129,543|2554,110,581|2555,57,620
2556,336,143|2557,331,220|2558,386,262|2559,168,301|2560,343,379|2561,55,421|2562,57,501|2563,270,582|2564,59,620
2565,157,102|2566,54,142|2567,55,222|2568,390,297|2569,390,338|2570,222,419|2571,134,457|2572,393,537|2573,59,616
2574,130,102|2575,55,142|2576,56,182|2577,189,260|2578,187,302|2579,58,339|2580,311,458|2581,118,500|2582,57,542|2583,120,581|2584,58,618
2585,329,101|2586,391,178|2587,391,260|2588,189,299|2589,285,336|2590,392,377|2591,239,419|2592,56,458|2593,393,539|2594,78,538|2595,54,576
2596,343,143|2597,391,264|2598,291,301|2599,224,342|2600,54,624
2601,392,101|2602,350,140|2603,294,179|2604,100,222|2605,120,262|2606,280,382|2607,126,423|2608,58,463|2609,115,539|2610,60,618
2611,391,100|2612,140,178|2613,242,338|2614,217,420|2615,339,461|2616,165,458|2617,393,538|2618,56,617
2619,392,96|2620,55,181|2621,338,296|2622,128,339|2623,281,456|2624,130,497|2625,60,618
2626,389,140|2627,390,179|2628,336,219|2629,202,298|2630,291,378|2631,249,495|2632,136,577|2633,64,617
2634,342,104|2635,354,261|2636,261,344|2637,224,383|2638,56,384|2639,186,464|2640,202,541|2641,58,623
2642,146,104|2643,390,181|2644,117,182|2645,56,223|2646,395,303|2647,104,381|2648,105,464|2649,329,579|2650,59,621
2651,135,105|2652,54,147|2653,305,259|2654,257,302|2655,296,378|2656,395,460|2657,56,503|2658,179,577|2659,58,622
2660,214,142|2661,56,184|2662,58,263|2663,131,301|2664,58,346|2665,189,421|2666,327,498|2667,57,618
2668,252,182|2669,266,221|2670,92,262|2671,54,303|2672,55,380|2673,55,580
2674,277,101|2675,55,105|2676,181,144|2677,339,180|2678,104,183|2679,56,224|2680,118,262|2681,206,302|2682,329,338|2683,168,343|2684,219,383|2685,293,420|2686,74,424|2687,180,539|2688,345,578|2689,106,581|2690,59,621
2691,316,102|2692,174,144|2693,130,182|2694,309,258|2695,102,260|2696,291,339|2697,122,418|2698,149,458|2699,295,496|2700,60,617
2701,280,97|2702,341,139|2703,108,138|2704,259,176|2705,179,216|2706,341,336|2707,395,375|2708,394,418|2709,173,417|2710,150,457|2711,109,494|2712,270,535|2713,56,538|2714,322,612|2715,57,614
2716,176,63|2717,212,145|2718,213,185|2719,226,225|2720,266,263|2721,395,302|2722,101,303|2723,397,379|2724,309,422|2725,345,461|2726,350,500|2727,149,501|2728,249,542|2729,395,582|2730,128,582|2731,264,623|2732,54,623
2733,52,67|2734,121,104|2735,56,144|2736,341,221|2737,393,257|2738,153,260|2739,128,303|2740,272,339|2741,285,377|2742,394,417|2743,347,462|2744,265,541|2745,297,582|2746,54,583|2747,56,619
2748,329,102|2749,305,143|2750,274,183|2751,220,221|2752,295,260|2753,198,302|2754,318,339|2755,330,378|2756,245,421|2757,256,461|2758,394,499|2759,394,541|2760,123,540|2761,303,619|2762,55,619
2763,171,63|2764,94,143|2765,111,183|2766,242,224|2767,320,260|2768,56,263|2769,57,302|2770,133,342|2771,284,378|2772,335,419|2773,117,459|2774,56,498|2775,97,539|2776,332,617|2777,53,619
2778,85,65|2779,78,104|2780,154,143|2781,308,181|2782,130,221|2783,56,262|2784,82,304|2785,186,342|2786,269,381|2787,303,417|2788,283,459|2789,209,500|2790,322,579|2791,55,580
2792,395,156|2793,225,236|2794,338,315|2795,335,395|2796,355,436|2797,60,475|2798,100,515|2799,394,592|2800,57,594|2801,56,634
2802,234,158|2803,88,201|2804,254,276|2805,59,320|2806,180,394|2807,393,472|2808,58,475|2809,129,514|2810,101,594|2811,58,634
2812,238,194|2813,295,313|2814,56,356|2815,397,431|2816,349,471|2817,132,554|2818,57,631
2819,356,158|2820,58,199|2821,147,278|2822,58,634
2823,55,115|2824,396,353|2825,213,388|2826,209,590|2827,58,627
2828,54,119|2829,256,193|2830,59,273|2831,113,394|2832,120,471|2833,171,509|2834,57,632
2835,55,79|2836,217,192|2837,127,235|2838,214,315|2839,166,357|2840,285,393|2841,57,433|2842,92,514|2843,396,591|2844,58,631
2845,268,157|2846,58,318|2847,347,393|2848,198,437|2849,60,633
2850,279,155|2851,309,270|2852,60,632
2853,214,230|2854,125,350|2855,53,434|2856,391,585|2857,53,628
2858,275,156|2859,392,231|2860,226,274|2861,96,313|2862,108,392|2863,93,474|2864,345,550|2865,75,592|2866,59,633
2867,89,74|2868,57,115|2869,80,153|2870,272,231|2871,203,273|2872,194,349|2873,100,428|2874,60,511|2875,61,628
2876,396,152|2877,310,191|2878,310,229|2879,299,271|2880,347,309|2881,289,351|2882,179,389|2883,314,428|2884,141,470|2885,105,510|2886,343,588|2887,62,628
2888,57,73|2889,243,150|2890,161,191|2891,94,231|2892,143,308|2893,148,349|2894,174,389|2895,229,466|2896,126,506|2897,106,589|2898,59,626
2899,215,111|2900,396,187|2901,171,191|2902,61,231|2903,250,312|2904,173,350|2905,125,390|2906,221,429|2907,177,469|2908,297,551|2909,216,590|2910,59,628
2911,205,73|2912,119,111|2913,304,187|2914,347,273|2915,187,312|2916,87,350|2917,323,426|2918,106,470|2919,172,510|2920,395,587|2921,171,588|2922,56,627
2923,351,153|2924,343,191|2925,342,269|2926,346,308|2927,297,349|2928,199,387|2929,286,468|2930,133,505|2931,186,547|2932,57,588
2933,355,110|2934,166,110|2935,281,152|2936,259,194|2937,266,232|2938,306,272|2939,359,309|2940,88,311|2941,262,353|2942,333,390|2943,170,389|2944,321,430|2945,325,469|2946,85,469|2947,142,507|2948,206,550|2949,397,589|2950,56,590|2951,57,631
2952,214,73|2953,152,112|2954,238,149|2955,395,187|2956,399,229|2957,203,230|2958,341,271|2959,55,270|2960,78,309|2961,82,350|2962,246,386|2963,327,426|2964,104,428|2965,247,469|2966,358,508|2967,325,546|2968,396,584|2969,163,587|2970,272,626|2971,57,629
2972,160,71|2973,116,110|2974,252,150|2975,397,188|2976,338,228|2977,398,269|2978,224,268|2979,57,266|2980,283,308|2981,146,386|2982,292,429|2983,303,466|2984,342,508|2985,114,508|2986,300,549|2987,167,546|2988,394,587|2989,192,588|2990,54,589|2991,218,626|2992,57,625
2993,80,73|2994,242,113|2995,57,155|2996,276,192|2997,56,192|2998,264,233|2999,343,274|3000,141,273|3001,324,312|3002,91,316|3003,197,352|3004,348,391|3005,180,391|3006,304,430|3007,97,432|3008,245,468|3009,395,510|3010,223,510|3011,396,548|3012,185,552|3013,349,589|3014,396,630|3015,59,630
3016,185,72|3017,351,109|3018,134,112|3019,350,150|3020,180,149|3021,361,189|3022,197,193|3023,396,232|3024,199,230|3025,322,269|3026,142,271|3027,347,308|3028,160,308|3029,317,346|3030,129,349|3031,307,386|3032,170,388|3033,56,388|3034,193,430|3035,295,466|3036,97,467|3037,280,504|3038,56,507|3039,284,546|3040,136,546|3041,132,584|3042,325,623|3043,59,625
3044,194,75|3045,325,115|3046,161,116|3047,396,151|3048,79,154|3049,281,195|3050,290,232|3051,395,271|3052,236,275|3053,295,312|3054,97,315|3055,315,353|3056,101,355|3057,328,390|3058,178,392|3059,166,432|3060,315,472|3061,59,474|3062,213,511|3063,59,515|3064,212,551|3065,59,555|3066,290,592|3067,398,627|3068,57,631
3069,252,71|3070,121,71|3071,82,111|3072,262,150|3073,95,152|3074,219,189|3075,57,191|3076,267,231|3077,270,270|3078,58,272|3079,283,310|3080,57,313|3081,177,350|3082,394,389|3083,211,388|3084,311,429|3085,107,429|3086,85,468|3087,123,512|3088,183,549|3089,342,588|3090,264,628|3091,56,630
3092,241,74|3093,397,113|3094,245,116|3095,91,114|3096,56,156|3097,224,196|3098,195,234|3099,250,274|3100,56,273|3101,226,314|3102,59,315|3103,268,352|3104,137,355|3105,237,394|3106,346,430|3107,142,432|3108,298,470|3109,105,472|3110,328,511|3111,172,514|3112,171,552|3113,264,593|3114,58,594|3115,57,631
3116,156,74|3117,305,114|3118,323,152|3119,305,193|3120,109,192|3121,57,235|3122,155,274|3123,312,313|3124,134,313|3125,346,350|3126,131,353|3127,362,391|3128,199,392|3129,279,433|3130,58,434|3131,166,471|3132,256,512|3133,345,553|3134,101,552|3135,286,591|3136,118,591|3137,272,631|3138,56,631
3139,209,72|3140,320,113|3141,131,113|3142,322,152|3143,101,154|3144,262,192|3145,312,231|3146,113,230|3147,175,272|3148,283,311|3149,95,311|3150,294,351|3151,135,351|3152,350,391|3153,108,390|3154,311,430|3155,56,431|3156,215,471|3157,335,511|3158,114,509|3159,59,591
3160,142,103|3161,335,139|3162,270,181|3163,247,219|3164,213,259|3165,300,297|3166,86,337|3167,347,414|3168,128,418|3169,241,495|3170,275,536|3171,398,614|3172,62,618
3173,257,98|3174,55,141|3175,107,220|3176,58,259|3177,394,376|3178,58,458|3179,308,534|3180,223,575|3181,57,617
3182,303,99|3183,287,176|3184,85,218|3185,132,257|3186,197,297|3187,125,338|3188,224,374|3189,267,410|3190,59,417|3191,342,492|3192,275,533|3193,58,573|3194,58,613
3195,198,95|3196,82,135|3197,59,176|3198,302,253|3199,186,371|3200,145,412|3201,400,492|3202,398,531|3203,59,612
3204,223,99|3205,320,175|3206,210,217|3207,97,258|3208,164,337|3209,153,375|3210,396,454|3211,228,494|3212,250,536|3213,149,573|3214,61,613
3215,129,99|3216,119,137|3217,171,177|3218,61,214|3219,58,337|3220,238,453|3221,187,532|3222,57,613
3223,55,103|3224,294,178|3225,182,220|3226,138,259|3227,59,303|3228,395,377|3229,57,382|3230,108,422|3231,113,461|3232,84,503|3233,129,541|3234,159,581|3235,57,619
3236,203,58|3237,209,97|3238,306,135|3239,299,172|3240,108,216|3241,208,297|3242,146,338|3243,396,411|3244,84,416|3245,232,494|3246,349,576|3247,57,616
3248,57,59|3249,268,134|3250,330,215|3251,120,256|3252,57,296|3253,351,413|3254,148,413|3255,82,457|3256,302,572|3257,60,613
3258,204,96|3259,58,176|3260,58,257|3261,115,333|3262,111,413|3263,390,489|3264,58,533|3265,60,613
3266,316,98|3267,395,255|3268,291,296|3269,286,336|3270,359,416|3271,57,496|3272,61,577|3273,60,615
3274,335,97|3275,293,213|3276,160,255|3277,151,375|3278,395,450|3279,316,572|3280,61,613
3281,396,177|3282,304,256|3283,299,338|3284,290,455|3285,319,496|3286,58,536|3287,58,615
3288,93,100|3289,133,176|3290,125,297|3291,299,374|3292,57,418|3293,296,493|3294,143,537|3295,62,615
3296,286,100|3297,163,176|3298,56,256|3299,286,376|3300,395,492|3301,234,534|3302,56,617
3303,99,57|3304,143,101|3305,56,139|3306,192,216|3307,271,295|3308,116,336|3309,230,455|3310,181,534|3311,56,613
3312,229,93|3313,299,175|3314,282,213|3315,319,293|3316,144,333|3317,203,375|3318,209,413|3319,106,454|3320,202,534|3321,216,574|3322,58,615
3323,54,99|3324,254,215|3325,396,295|3326,312,334|3327,322,412|3328,398,532|3329,61,616
3330,160,141|3331,112,221|3332,114,299|3333,201,378|3334,236,497|3335,399,574|3336,56,618
3337,111,97|3338,200,175|3339,298,257|3340,54,297|3341,361,415|3342,339,454|3343,214,495|3344,135,536|3345,89,578|3346,59,617
3347,154,99|3348,57,180|3349,397,257|3350,396,374|3351,397,415|3352,235,496|3353,395,574|3354,60,616
3355,396,96|3356,176,139|3357,136,258|3358,331,336|3359,198,375|3360,200,456|3361,220,495|3362,328,574|3363,58,616
3364,394,134|3365,201,256|3366,109,298|3367,398,413|3368,55,457|3369,396,611|3370,58,616
3371,59,99|3372,94,177|3373,209,295|3374,396,377|3375,396,415|3376,396,491|3377,259,534|3378,59,613
3379,392,135|3380,141,258|3381,247,376|3382,113,418|3383,395,494|3384,270,534|3385,63,617
3386,55,139|3387,274,254|3388,99,296|3389,222,375|3390,338,452|3391,320,533|3392,61,617
3393,203,100|3394,194,140|3395,396,215|3396,396,254|3397,104,259|3398,99,338|3399,228,377|3400,98,419|3401,250,495|3402,152,538|3403,62,615
3404,159,98|3405,313,178|3406,319,218|3407,396,298|3408,108,338|3409,55,378|3410,364,495|3411,255,495|3412,250,535|3413,58,576|3414,60,617
3415,397,99|3416,396,140|3417,245,220|3418,277,380|3419,88,423|3420,122,462|3421,241,501|3422,95,541|3423,189,579|3424,59,621
3425,249,101|3426,292,140|3427,250,178|3428,395,259|3429,316,296|3430,179,378|3431,229,459|3432,264,538|3433,57,617
3434,188,96|3435,214,137|3436,187,214|3437,54,335|3438,186,414|3439,309,533|3440,184,572|3441,57,615
3442,145,97|3443,158,136|3444,145,177|3445,299,254|3446,148,297|3447,182,377|3448,119,457|3449,316,574|3450,61,614
3451,244,97|3452,83,137|3453,56,179|3454,335,258|3455,333,334|3456,336,415|3457,396,534|3458,398,574|3459,58,612
3460,398,95|3461,348,135|3462,174,174|3463,56,256|3464,249,335|3465,205,415|3466,134,456|3467,119,536|3468,126,576|3469,61,618
3470,365,143|3471,146,145|3472,321,180|3473,271,220|3474,305,262|3475,307,341|3476,55,382|3477,55,419|3478,102,460|3479,248,577|3480,65,619
3481,110,100|3482,303,180|3483,309,259|3484,281,375|3485,222,457|3486,306,536|3487,167,575|3488,57,615
3489,180,138|3490,137,217|3491,243,296|3492,400,372|3493,57,375|3494,169,454|3495,177,493|3496,131,573|3497,60,613
3498,278,137|3499,108,177|3500,165,258|3501,397,375|3502,334,495|3503,57,575
3504,359,97|3505,393,138|3506,83,180|3507,335,297|3508,94,340|3509,144,378|3510,120,418|3511,208,458|3512,295,535|3513,142,575|3514,62,616
3515,398,137|3516,55,176|3517,127,257|3518,179,334|3519,341,415|3520,287,454|3521,324,491|3522,168,538|3523,55,615
3524,273,99|3525,120,139|3526,259,219|3527,113,255|3528,395,334|3529,393,415|3530,57,457|3531,58,496|3532,394,570|3533,57,574
3534,234,142|3535,158,182|3536,264,219|3537,182,339|3538,396,499|3539,60,618
3540,59,97|3541,397,178|3542,281,256|3543,265,336|3544,309,377|3545,164,417|3546,368,533|3547,194,577|3548,56,618
3549,275,99|3550,293,176|3551,113,216|3552,159,376|3553,268,494|3554,57,535|3555,58,616
3556,112,100|3557,142,178|3558,240,257|3559,175,337|3560,321,417|3561,314,496|3562,60,538|3563,60,617
3564,132,101|3565,99,179|3566,328,337|3567,56,380|3568,59,618
3569,362,139|3570,402,336|3571,121,375|3572,323,455|3573,55,499|3574,144,537|3575,344,574|3576,59,615
3577,101,60|3578,107,101|3579,207,140|3580,264,177|3581,58,222|3582,162,339|3583,59,618
3584,130,178|3585,396,296|3586,81,579|3587,57,618
3588,396,174|3589,158,219|3590,347,297|3591,59,338|3592,241,455|3593,135,535|3594,155,577|3595,58,616
3596,229,98|3597,333,138|3598,398,178|3599,295,217|3600,274,258|3601,279,297|3602,57,335|3603,97,377|3604,267,454|3605,198,534|3606,56,613
3607,197,179|3608,283,259|3609,159,378|3610,313,457|3611,215,497|3612,294,578|3613,56,618
3614,222,99|3615,227,221|3616,115,261|3617,350,341|3618,57,421|3619,330,538|3620,59,620
3621,395,139|3622,395,218|3623,57,221|3624,56,300|3625,342,415|3626,269,460|3627,261,538|3628,57,620
3629,374,139|3630,80,178|3631,77,219|3632,397,294|3633,281,338|3634,55,379|3635,57,421|3636,399,494|3637,56,617
3638,132,101|3639,190,260|3640,56,300|3641,58,339|3642,332,418|3643,173,499|3644,82,537|3645,61,617
3646,339,98|3647,143,140|3648,232,216|3649,203,336|3650,117,377|3651,255,454|3652,59,535|3653,309,615|3654,56,613
3655,138,63|3656,306,140|3657,311,180|3658,309,219|3659,233,261|3660,57,302|3661,333,496|3662,95,540|3663,58,619
3664,398,98|3665,248,138|3666,93,179|3667,283,255|3668,160,339|3669,270,417|3670,399,537|3671,60,616
3672,252,176|3673,79,298|3674,378,416|3675,335,454|3676,55,456|3677,247,495|3678,62,615
3679,213,61|3680,398,97|3681,234,100|3682,74,142|3683,320,177|3684,266,219|3685,353,296|3686,54,299|3687,301,417|3688,246,499|3689,199,574|3690,57,618
3691,174,99|3692,252,215|3693,54,258|3694,335,335|3695,181,379|3696,158,458|3697,178,576|3698,56,617
3699,287,139|3700,227,259|3701,275,337|3702,281,415|3703,399,532|3704,63,617
3705,56,138|3706,367,257|3707,226,257|3708,80,258|3709,297,297|3710,144,299|3711,224,336|3712,304,375|3713,250,416|3714,98,458|3715,123,498|3716,287,576|3717,57,618
3718,54,62|3719,292,139|3720,166,179|3721,289,218|3722,56,219|3723,284,295|3724,242,337|3725,138,377|3726,189,416|3727,243,454|3728,342,536|3729,166,536|3730,275,574|3731,335,613|3732,58,616
3733,333,100|3734,398,140|3735,324,176|3736,264,219|3737,396,260|3738,280,299|3739,188,336|3740,150,377|3741,280,458|3742,280,497|3743,229,533|3744,255,572|3745,58,613
3746,107,63|3747,255,99|3748,301,136|3749,95,139|3750,58,183|3751,396,258|3752,317,336|3753,397,374|3754,396,416|3755,58,417|3756,397,495|3757,228,537|3758,163,576|3759,61,616
3760,137,60|3761,191,104|3762,331,140|3763,145,142|3764,281,179|3765,153,220|3766,253,261|3767,271,299|3768,394,335|3769,136,338|3770,324,417|3771,216,460|3772,392,538|3773,53,540|3774,393,615|3775,56,618
3776,339,98|3777,56,99|3778,118,136|3779,144,176|3780,191,215|3781,195,255|3782,129,300|3783,57,338|3784,393,415|3785,305,453|3786,54,496|3787,55,536|3788,56,577
3789,293,91|3790,171,93|3791,54,93|3792,297,130|3793,335,170|3794,103,173|3795,283,209|3796,321,249|3797,136,251|3798,220,290|3799,156,330|3800,336,368|3801,196,368|3802,398,406|3803,206,408|3804,319,446|3805,190,450|3806,396,484|3807,157,488|3808,343,527|3809,61,528|3810,110,569|3811,218,608|3812,58,609
3813,282,54|3814,129,58|3815,285,94|3816,56,96|3817,240,135|3818,278,174|3819,56,176|3820,258,211|3821,397,251|3822,198,253|3823,238,293|3824,311,331|3825,91,334|3826,252,374|3827,398,412|3828,230,410|3829,62,415|3830,279,453|3831,157,453|3832,400,490|3833,193,492|3834,399,529|3835,170,533|3836,324,569|3837,173,570|3838,293,608|3839,64,612
3840,236,54|3841,345,95|3842,184,95|3843,339,133|3844,158,136|3845,253,174|3846,120,176|3847,236,212|3848,54,215|3849,219,255|3850,352,291|3851,150,292|3852,246,332|3853,396,371|3854,128,371|3855,261,411|3856,56,415|3857,231,451|3858,57,453|3859,174,492|3860,338,530|3861,58,534|3862,209,571|3863,324,611|3864,59,612
3865,248,57|3866,88,58|3867,279,95|3868,91,97|3869,294,135|3870,119,137|3871,281,177|3872,104,177|3873,231,214|3874,396,251|3875,221,253|3876,55,254|3877,306,295|3878,163,295|3879,294,333|3880,155,335|3881,348,373|3882,205,373|3883,397,412|3884,208,413|3885,326,452|3886,59,456|3887,205,493|3888,395,532|3889,228,532|3890,56,611
3891,249,56|3892,82,59|3893,136,96|3894,310,136|3895,150,138|3896,335,173|3897,198,173|3898,392,212|3899,199,213|3900,306,255|3901,196,293|3902,323,333|3903,393,371|3904,166,374|3905,324,411|3906,99,413|3907,244,453|3908,392,489|3909,114,492|3910,266,533|3911,56,533|3912,251,569|3913,331,607|3914,59,612
3915,245,53|3916,56,56|3917,257,95|3918,118,96|3919,292,134|3920,117,135|3921,307,174|3922,117,174|3923,322,211|3924,180,215|3925,330,254|3926,151,254|3927,336,292|3928,139,295|3929,300,334|3930,120,334|3931,273,372|3932,59,372|3933,206,415|3934,332,453|3935,59,452|3936,234,492|3937,283,532|3938,309,569|3939,85,573|3940,271,610|3941,60,612
3942,286,53|3943,191,53|3944,392,94|3945,192,94|3946,156,135|3947,348,172|3948,181,173|3949,55,174|3950,284,211|3951,119,214|3952,313,253|3953,176,252|3954,396,291|3955,268,290|3956,83,292|3957,273,331|3958,91,333|3959,222,371|3960,79,373|3961,282,412|3962,138,412|3963,348,449|3964,193,453|3965,292,490|3966,134,491|3967,323,531|3968,60,528|3969,246,570|3970,57,570
3971,253,97|3972,54,101|3973,96,142|3974,58,181|3975,133,220|3976,58,259|3977,96,298|3978,393,375|3979,111,378|3980,53,419|3981,151,459|3982,218,497|3983,229,537|3984,311,576|3985,348,617|3986,58,617
3987,59,59|3988,102,99|3989,271,135|3990,274,175|3991,337,215|3992,249,293|3993,85,336|3994,372,491|3995,398,533|3996,59,615
3997,245,95|3998,397,175|3999,341,215|4000,394,255|4001,122,253|4002,59,292|4003,132,334|4004,139,375|4005,56,412|4006,123,454|4007,298,493|4008,90,491|4009,201,537|4010,361,573|4011,306,612|4012,56,609
4013,393,93|4014,274,137|4015,245,178|4016,357,213|4017,99,216|4018,114,259|4019,236,296|4020,395,334|4021,51,338|4022,187,376|4023,343,416|4024,143,416|4025,278,455|4026,88,457|4027,243,493|4028,52,497|4029,54,535|4030,55,578|4031,54,617
4032,116,63|4033,209,96|4034,365,135|4035,57,140|4036,120,178|4037,361,212|4038,225,214|4039,328,256|4040,117,261|4041,204,294|4042,232,334|4043,354,371|4044,91,376|4045,336,449|4046,397,493|4047,209,494|4048,362,531|4049,137,533|4050,337,571|4051,143,572|4052,283,612|4053,56,613
4054,256,57|4055,321,95|4056,399,135|4057,234,137|4058,55,136|4059,146,255|4060,81,296|4061,323,454|4062,56,492|4063,55,616
4064,167,175|4065,58,294|4066,358,452|4067,169,533|4068,57,611
4069,163,61|4070,312,93|4071,400,134|4072,217,135|4073,244,214|4074,53,257|4075,332,334|4076,58,375|4077,58,418|4078,108,494|4079,57,617
4080,60,105|4081,229,261|4082,393,337|4083,322,376|4084,221,419|4085,137,459|4086,225,499|4087,202,576|4088,395,615|4089,61,618
4090,106,102|4091,55,140|4092,58,179|4093,173,255|4094,257,340|4095,216,377|4096,187,536|4097,59,579|4098,56,618
4099,313,140|4100,256,258|4101,57,296|4102,271,377|4103,225,459|4104,222,536|4105,57,615
4106,321,93|4107,280,174|4108,241,213|4109,269,292|4110,403,370|4111,390,455|4112,216,492|4113,215,571|4114,60,615
4115,55,58|4116,288,136|4117,146,180|4118,212,259|4119,86,299|4120,119,340|4121,275,418|4122,336,458|4123,105,495|4124,211,535|4125,59,617
4126,394,133|4127,399,215|4128,57,214|4129,398,412|4130,267,452|4131,60,534|4132,58,615
4133,55,99|4134,362,213|4135,94,216|4136,306,292|4137,221,332|4138,276,452|4139,179,491|4140,58,611
4141,317,135|4142,80,175|4143,55,255|4144,204,332|4145,292,409|4146,57,452|4147,58,493|4148,191,569|4149,54,616
4150,260,100|4151,353,178|4152,58,177|4153,160,256|4154,163,378|4155,252,456|4156,266,496|4157,217,534|4158,58,614
4159,58,94|4160,234,171|4161,98,331|4162,233,451|4163,178,489|4164,57,530|4165,171,571|4166,53,613
4167,340,170|4168,132,254|4169,117,291|4170,141,412|4171,55,452|4172,306,532|4173,59,610
4174,357,91|4175,99,134|4176,392,247|4177,199,292|4178,91,332|4179,199,409|4180,391,528|4181,239,566|4182,54,608
4183,395,131|4184,261,172|4185,168,214|4186,101,253|4187,210,290|4188,296,371|4189,329,486|4190,61,529|4191,58,610
4192,304,94|4193,316,169|4194,131,253|4195,393,328|4196,391,367|4197,300,487|4198,85,534|4199,58,612
4200,237,175|4201,171,213|4202,162,253|4203,393,333|4204,58,335|4205,166,374|4206,288,415|4207,55,454|4208,333,530|4209,271,572|4210,58,613
4211,249,174|4212,161,216|4213,262,297|4214,303,337|4215,393,453|4216,94,494|4217,330,574|4218,56,615
4219,354,138|4220,162,138|4221,181,176|4222,214,218|4223,270,297|4224,324,372|4225,324,416|4226,282,455|4227,56,494|4228,243,574|4229,58,614
4230,349,136|4231,325,177|4232,235,255|4233,396,372|4234,325,452|4235,396,532|4236,150,534|4237,197,570|4238,57,613
4239,55,99|4240,396,217|4241,301,257|4242,160,299|4243,307,416|4244,243,457|4245,128,497|4246,399,574|4247,56,614
4248,232,139|4249,230,216|4250,57,219|4251,266,296|4252,312,374|4253,263,414|4254,143,455|4255,277,573|4256,55,616
4257,358,133|4258,263,212|4259,275,254|4260,213,294|4261,60,339|4262,220,494|4263,152,573|4264,59,615
4265,109,138|4266,56,178|4267,342,258|4268,193,377|4269,394,454|4270,130,494|4271,111,572|4272,55,614
4273,352,140|4274,279,141|4275,282,181|4276,307,218|4277,164,298|4278,393,376|4279,342,455|4280,60,497|4281,282,578|4282,63,617
4283,250,137|4284,54,179|4285,83,337|4286,57,459|4287,56,619
4288,389,135|4289,265,175|4290,55,253|4291,391,332|4292,340,411|4293,162,491|4294,57,613
4295,194,137|4296,177,213|4297,52,256|4298,187,339|4299,324,413|4300,172,454|4301,295,531|4302,175,573|4303,58,617
4304,182,61|4305,397,132|4306,141,136|4307,190,176|4308,347,256|4309,282,297|4310,158,334|4311,293,375|4312,144,417|4313,173,454|4314,320,530|4315,396,570|4316,61,612
4317,281,176|4318,122,218|4319,138,300|4320,132,416|4321,225,493|4322,119,534|4323,58,619
4324,176,136|4325,55,178|4326,355,296|4327,206,296|4328,247,338|4329,298,372|4330,208,412|4331,335,451|4332,393,491|4333,395,533|4334,242,570|4335,56,614
4336,269,97|4337,174,137|4338,120,216|4339,329,256|4340,300,292|4341,335,335|4342,179,371|4343,179,412|4344,260,493|4345,112,532|4346,114,571|4347,53,616
4348,58,93|4349,241,174|4350,252,215|4351,255,252|4352,398,292|4353,81,292|4354,56,333|4355,97,373|4356,85,413|4357,101,530|4358,58,609
4359,139,54|4360,334,134|4361,315,176|4362,300,211|4363,209,253|4364,152,290|4365,59,336|4366,153,371|4367,201,412|4368,206,451|4369,291,493|4370,133,532|4371,316,608|4372,54,613
4373,230,97|4374,159,137|4375,223,177|4376,267,253|4377,304,295|4378,171,336|4379,167,373|4380,142,416|4381,194,455|4382,175,497|4383,58,534|4384,395,611|4385,61,613
4386,333,96|4387,394,137|4388,395,216|4389,396,256|4390,261,294|4391,170,337|4392,152,376|4393,178,416|4394,256,455|4395,322,494|4396,315,576|4397,320,613|4398,59,618
4399,170,57|4400,323,95|4401,56,98|4402,89,137|4403,138,175|4404,326,214|4405,251,254|4406,339,293|4407,315,332|4408,304,371|4409,247,413|4410,396,492|4411,225,532|4412,249,572|4413,335,612|4414,60,615
4415,354,140|4416,186,142|4417,238,179|4418,54,184|4419,202,223|4420,284,259|4421,262,297|4422,217,338|4423,393,379|4424,113,380|4425,228,418|4426,324,454|4427,57,459|4428,202,498|4429,311,538|4430,388,574|4431,337,614|4432,59,619
4433,131,67|4434,257,103|4435,92,103|4436,227,141|4437,342,183|4438,87,182|4439,254,221|4440,99,221|4441,282,259|4442,54,262|4443,92,304|4444,165,341|4445,251,381|4446,335,418|4447,398,458|4448,244,460|4449,310,499|4450,90,500|4451,397,575|4452,60,576|4453,58,618
4454,157,54|4455,169,93|4456,236,132|4457,52,131|4458,294,169|4459,94,172|4460,323,212|4461,73,213|4462,131,252|4463,231,292|4464,395,333|4465,189,332|4466,396,368|4467,55,374|4468,181,412|4469,255,451|4470,97,489|4471,180,531|4472,249,569|4473,58,572
4474,370,101|4475,139,105|4476,252,141|4477,322,179|4478,356,258|4479,276,299|4480,137,299|4481,396,377|4482,355,416|4483,100,455|4484,62,498|4485,253,574|4486,62,616
4487,247,91|4488,133,131|4489,241,211|4490,394,329|4491,241,370|4492,392,446|4493,393,487|4494,288,570|4495,55,615
4496,345,136|4497,110,176|4498,306,254|4499,111,297|4500,395,373|4501,347,410|4502,297,452|4503,91,494|4504,350,572|4505,55,620
4506,60,56|4507,302,133|4508,54,178|4509,76,217|4510,57,260|4511,361,371|4512,106,373|4513,213,450|4514,303,569|4515,54,614
4516,88,57|4517,330,134|4518,227,213|4519,311,292|4520,192,373|4521,213,454|4522,180,532|4523,56,576|4524,57,615
4525,138,216|4526,140,300|4527,230,414|4528,344,493|4529,335,535|4530,53,620
4531,286,137|4532,192,177|4533,56,217|4534,122,294|4535,295,373|4536,102,495|4537,395,573|4538,60,614
4539,392,133|4540,391,212|4541,194,254|4542,300,331|4543,259,412|4544,298,489|4545,56,576
4546,113,97|4547,181,173|4548,288,253|4549,118,371|4550,323,413|4551,137,412|4552,132,454|4553,236,491|4554,272,529|4555,54,572|4556,57,615
4557,291,137|4558,158,170|4559,109,216|4560,190,376|4561,89,454|4562,151,492|4563,335,572|4564,56,616
4565,394,175|4566,293,219|4567,203,256|4568,213,297|4569,255,339|4570,359,416|4571,396,493|4572,320,535|4573,126,576|4574,59,621
4575,189,99|4576,116,141|4577,404,254|4578,336,295|4579,220,334|4580,93,374|4581,251,454|4582,221,494|4583,56,616
4584,263,139|4585,55,178|4586,251,215|4587,213,294|4588,140,377|4589,126,499|4590,143,535|4591,215,575|4592,56,615
4593,221,137|4594,355,292|4595,259,374|4596,234,415|4597,340,490|4598,55,618
4599,91,137|4600,194,253|4601,117,338|4602,137,376|4603,328,495|4604,195,534|4605,106,572|4606,56,619
4607,83,101|4608,212,296|4609,55,419|4610,313,574|4611,58,617
4612,55,260|4613,294,418|4614,115,499|4615,125,577|4616,55,617
4617,352,98|4618,55,135|4619,56,255|4620,141,293|4621,396,453|4622,300,492|4623,55,612
4624,363,175|4625,315,255|4626,54,340|4627,291,455|4628,399,536|4629,98,580|4630,55,619
4631,257,141|4632,198,180|4633,329,215|4634,346,255|4635,393,295|4636,288,337|4637,215,376|4638,353,418|4639,299,456|4640,56,460|4641,98,498|4642,178,537|4643,364,574|4644,394,612|4645,55,620
4646,309,105|4647,395,140|4648,157,141|4649,185,179|4650,326,220|4651,96,218|4652,392,298|4653,199,296|4654,366,337|4655,204,339|4656,204,378|4657,248,415|4658,311,456|4659,57,455|4660,115,495|4661,261,533|4662,394,572|4663,121,573|4664,269,612|4665,59,613
4666,248,97|4667,161,136|4668,329,216|4669,173,254|4670,295,294|4671,392,335|4672,84,334|4673,187,373|4674,169,414|4675,54,454|4676,297,571|4677,172,573|4678,51,571|4679,296,615|4680,160,615|4681,53,613
4682,285,58|4683,137,58|4684,372,97|4685,257,97|4686,56,97|4687,268,135|4688,101,136|4689,180,177|4690,351,214|4691,398,256|4692,195,255|4693,396,296|4694,160,294|4695,339,334|4696,156,334|4697,322,371|4698,345,410|4699,57,411|4700,112,454|4701,249,493|4702,397,531|4703,397,572|4704,396,611|4705,59,615
4706,206,58|4707,352,98|4708,155,95|4709,340,136|4710,112,135|4711,240,178|4712,307,218|4713,364,255|4714,147,255|4715,237,296|4716,355,334|4717,56,338|4718,176,376|4719,192,415|4720,277,456|4721,345,495|4722,106,493|4723,237,535|4724,299,574|4725,53,574|4726,52,618
4727,397,93|4728,184,94|4729,349,134|4730,89,137|4731,178,171|4732,266,215|4733,398,252|4734,398,293|4735,55,292|4736,343,415|4737,217,414|4738,109,415|4739,337,452|4740,203,453|4741,75,454|4742,278,490|4743,160,491|4744,361,532|4745,199,531|4746,390,570|4747,188,571|4748,316,610|4749,55,610
4750,171,58|4751,55,97|4752,211,137|4753,198,175|4754,309,216|4755,330,255|4756,359,337|4757,101,337|4758,187,376|4759,246,416|4760,393,454|4761,128,454|4762,196,496|4763,222,536|4764,247,574|4765,341,612|4766,52,617
4767,148,58|4768,312,98|4769,393,137|4770,118,137|4771,177,175|4772,240,215|4773,237,256|4774,54,260|4775,176,297|4776,344,337|4777,57,337|4778,149,375|4779,170,416|4780,233,457|4781,302,497|4782,294,535|4783,275,577|4784,54,577
4785,300,103|4786,116,104|4787,342,143|4788,190,141|4789,56,144|4790,300,182|4791,161,182|4792,54,183|4793,247,222|4794,55,224|4795,265,262|4796,119,261|4797,330,299|4798,190,300|4799,56,301|4800,251,341|4801,105,342|4802,263,378|4803,99,380|4804,296,417|4805,134,419|4806,352,457|4807,216,540|4808,89,541|4809,273,578|4810,55,620
4811,58,58|4812,341,137|4813,361,176|4814,211,217|4815,343,292|4816,335,414|4817,186,414|4818,396,455|4819,201,453|4820,352,492|4821,193,492|4822,392,534|4823,177,535|4824,367,575|4825,185,574|4826,397,614|4827,217,614|4828,56,612
4829,208,56|4830,87,56|4831,281,99|4832,143,99|4833,345,138|4834,170,137|4835,57,137|4836,134,177|4837,359,218|4838,230,216|4839,54,214|4840,240,258|4841,135,254|4842,303,295|4843,122,293|4844,335,337|4845,223,333|4846,53,334|4847,193,452|4848,250,495|4849,235,534|4850,271,574|4851,389,615|4852,51,614
4853,56,62|4854,104,100|4855,92,138|4856,246,176|4857,389,215|4858,56,221|4859,221,258|4860,368,297|4861,139,296|4862,318,339|4863,394,374|4864,148,379|4865,203,416|4866,329,456|4867,160,457|4868,274,496|4869,132,497|4870,155,537|4871,239,576|4872,357,615|4873,56,619
4874,141,60|4875,318,98|4876,153,98|4877,166,138|4878,271,177|4879,110,177|4880,157,218|4881,254,258|4882,351,298|4883,320,335|4884,52,336|4885,276,375|4886,397,415|4887,207,414|4888,288,455|4889,344,495|4890,145,496|4891,307,533|4892,395,573|4893,183,574|4894,217,615|4895,50,617
4896,161,55|4897,181,96|4898,329,136|4899,123,136|4900,305,175|4901,55,175|4902,335,295|4903,207,295|4904,55,296|4905,308,335|4906,111,335|4907,277,373|4908,394,411|4909,226,414|4910,260,453|4911,55,456|4912,172,493|4913,318,533|4914,105,531|4915,161,572|4916,270,613|4917,57,611
4918,241,59|4919,55,59|4920,271,97|4921,115,98|4922,307,135|4923,93,138|4924,268,175|4925,393,213|4926,211,214|4927,96,217|4928,210,256|4929,394,294|4930,86,296|4931,270,336|4932,92,337|4933,266,374|4934,323,453|4935,136,456|4936,176,495|4937,336,533|4938,392,572|4939,202,573|4940,300,612|4941,58,615
4942,89,58|4943,275,96|4944,398,139|4945,206,138|4946,397,177|4947,206,174|4948,396,215|4949,298,215|4950,122,214|4951,355,253|4952,170,257|4953,351,296|4954,171,293|4955,162,334|4956,342,374|4957,346,416|4958,151,411|4959,328,455|4960,132,455|4961,242,494|4962,392,537|4963,236,533|4964,391,573|4965,293,575|4966,95,573|4967,284,613|4968,56,615
4969,249,61|4970,55,62|4971,275,99|4972,89,100|4973,259,139|4974,59,139|4975,205,176|4976,385,216|4977,93,215|4978,278,255|4979,55,259|4980,283,375|4981,147,374|4982,391,416|4983,228,414|4984,56,416|4985,278,454|4986,128,452|4987,217,492|4988,337,532|4989,185,531|4990,55,532|4991,287,572|4992,164,572|4993,390,609|4994,259,612|4995,58,615
4996,234,57|4997,393,93|4998,201,96|4999,396,135|5000,235,137|5001,143,137|5002,341,174|5003,182,174|5004,361,215|5005,214,215|5006,353,255|5007,233,256|5008,121,257|5009,396,294|5010,272,296|5011,152,297|5012,352,335|5013,242,336|5014,115,335|5015,354,374|5016,263,375|5017,120,375|5018,344,413|5019,210,415|5020,353,453|5021,219,456|5022,98,458|5023,342,494|5024,131,498|5025,284,536|5026,249,572|5027,97,576|5028,275,615|5029,52,615
5030,218,60|5031,55,62|5032,284,99|5033,116,101|5034,324,139|5035,181,138|5036,335,178|5037,207,179|5038,334,218|5039,53,217|5040,94,258|5041,175,295|5042,390,337|5043,162,335|5044,240,377|5045,139,374|5046,392,414|5047,198,415|5048,300,456|5049,392,494|5050,211,495|5051,276,534|5052,392,574|5053,152,574|5054,291,615|5055,56,613
5056,294,61|5057,152,60|5058,317,98|5059,148,96|5060,310,136|5061,91,137|5062,289,176|5063,125,176|5064,214,218|5065,393,255|5066,209,256|5067,391,297|5068,194,296|5069,348,335|5070,144,335|5071,263,373|5072,146,374|5073,391,413|5074,219,417|5075,52,417|5076,96,537|5077,50,576|5078,49,618
5079,348,182|5080,388,220|5081,321,258|5082,49,301|5083,216,380|5084,305,461|5085,104,577|5086,50,623
5087,294,140|5088,342,257|5089,243,337|5090,376,416|5091,55,497|5092,290,577|5093,56,615
5094,176,141|5095,57,303|5096,108,419|5097,110,499|5098,227,580|5099,55,620
5100,221,179|5101,218,261|5102,254,456|5103,115,539|5104,56,619
5105,153,181|5106,290,299|5107,224,379|5108,252,501|5109,300,579|5110,53,623
5111,140,180|5112,199,336|5113,130,417|5114,136,496|5115,52,615
5116,390,139|5117,187,218|5118,313,299|5119,342,338|5120,306,376|5121,117,417|5122,274,497|5123,391,577|5124,50,579|5125,51,620
5126,52,270|5127,389,421|5128,225,580|5129,52,619
5130,330,106|5131,121,146|5132,359,261|5133,54,385|5134,304,501|5135,56,621
5136,115,141|5137,391,299|5138,48,343|5139,288,422|5140,54,503|5141,364,581|5142,53,622
5143,316,101|5144,390,179|5145,263,218|5146,127,258|5147,392,378|5148,250,417|5149,388,536|5150,53,579
5151,77,261|5152,241,339|5153,88,379|5154,130,577|5155,54,620
5156,172,104|5157,390,179|5158,392,261|5159,312,340|5160,120,539|5161,54,623
5162,391,220|5163,52,266|5164,391,420|5165,51,422|5166,76,463|5167,283,541|5168,51,620
5169,185,139|5170,392,217|5171,337,256|5172,212,296|5173,218,337|5174,50,380|5175,172,459|5176,196,498|5177,52,618
5178,344,187|5179,245,265|5180,278,304|5181,264,344|5182,51,428|5183,129,504|5184,95,544|5185,54,625
5186,333,142|5187,390,220|5188,49,264|5189,50,422|5190,335,500|5191,276,542|5192,47,628
5193,161,103|5194,167,182|5195,395,298|5196,238,379|5197,196,461|5198,89,542|5199,60,585
5200,257,145|5201,162,182|5202,48,221|5203,266,299|5204,190,343|5205,280,420|5206,124,464|5207,80,504|5208,57,619
5209,153,104|5210,305,183|5211,119,220|5212,94,263|5213,219,380|5214,189,419|5215,114,503|5216,335,582|5217,48,584
5218,224,266|5219,96,386|5220,132,465|5221,166,584|5222,53,626
5223,219,180|5224,149,262|5225,327,341|5226,50,343|5227,265,423|5228,139,539|5229,51,621
5230,319,184|5231,285,226|5232,391,345|5233,285,423|5234,300,503|5235,104,582|5236,51,622
5237,51,223|5238,175,301|5239,52,423|5240,127,540|5241,50,619
5242,116,143|5243,49,187|5244,160,265|5245,159,307|5246,342,386|5247,390,420|5248,127,422|5249,50,464|5250,288,543|5251,344,581|5252,50,582|5253,52,623
5254,76,66|5255,189,105|5256,390,182|5257,354,220|5258,257,265|5259,333,303|5260,133,344|5261,394,417|5262,352,459|5263,287,500|5264,165,540|5265,248,582|5266,339,618|5267,52,623
5268,272,100|5269,102,141|5270,392,218|5271,48,223|5272,238,341|5273,48,341|5274,226,381|5275,49,382|5276,269,419|5277,135,420|5278,101,459|5279,322,499|5280,127,500|5281,306,538|5282,163,539|5283,359,576|5284,194,578|5285,392,617|5286,48,618
5287,282,59|5288,291,100|5289,198,101|5290,331,140|5291,202,141|5292,76,141|5293,214,180|5294,53,181|5295,215,220|5296,72,220|5297,272,259|5298,158,259|5299,302,299|5300,95,299|5301,248,337|5302,89,339|5303,166,377|5304,250,419|5305,395,453|5306,213,456|5307,72,458|5308,270,496|5309,131,496|5310,143,537|5311,332,575|5312,53,578|5313,51,618
5314,391,105|5315,330,147|5316,168,145|5317,291,184|5318,90,185|5319,77,225|5320,121,263|5321,274,304|5322,202,344|5323,50,345|5324,351,462|5325,268,461|5326,128,462|5327,298,501|5328,74,506|5329,148,544|5330,234,621|5331,51,625
5332,134,65|5333,244,103|5334,395,142|5335,148,142|5336,321,181|5337,51,183|5338,257,221|5339,396,260|5340,398,297|5341,148,301|5342,169,342|5343,346,379|5344,202,381|5345,54,383|5346,310,418|5347,354,459|5348,399,497|5349,265,500|5350,109,501|5351,340,537|5352,206,542|5353,113,540|5354,361,576|5355,77,582|5356,251,618|5357,54,619
5358,258,64|5359,105,62|5360,313,100|5361,167,103|5362,50,101|5363,269,143|5364,48,143|5365,218,183|5366,71,183|5367,246,218|5368,107,221|5369,329,260|5370,120,262|5371,340,301|5372,147,303|5373,336,342|5374,216,343|5375,48,342|5376,255,461|5377,92,463|5378,281,501|5379,185,540|5380,49,540|5381,293,579|5382,198,579|5383,388,619|5384,220,619|5385,50,621
5386,50,64|5387,277,101|5388,135,104|5389,302,141|5390,198,143|5391,87,142|5392,314,181|5393,195,182|5394,392,218|5395,247,219|5396,77,220|5397,336,257|5398,131,262|5399,290,300|5400,148,302|5401,335,339|5402,111,342|5403,301,380|5404,100,381|5405,122,420|5406,249,458|5407,394,498|5408,221,500|5409,396,538|5410,220,539|5411,395,578|5412,207,580|5413,268,616|5414,54,623
5415,160,62|5416,287,101|5417,343,141|5418,392,181|5419,53,180|5420,318,341|5421,123,340|5422,258,380|5423,392,459|5424,173,461|5425,356,500|5426,389,578|5427,214,578|5428,325,617|5429,52,619
5430,227,65|5431,219,100|5432,53,102|5433,279,139|5434,358,181|5435,51,183|5436,219,219|5437,352,259|5438,135,260|5439,321,297|5440,258,340|5441,96,341|5442,355,418|5443,54,420|5444,322,497|5445,359,536|5446,335,575|5447,51,619
5448,367,184|5449,54,187|5450,128,226|5451,216,265|5452,284,304|5453,257,344|5454,339,384|5455,304,421|5456,196,464|5457,169,505|5458,204,543|5459,206,582|5460,59,621
5461,318,104|5462,50,106|5463,102,141|5464,87,185|5465,171,223|5466,213,261|5467,343,301|5468,100,301|5469,102,343|5470,283,420|5471,198,460|5472,179,500|5473,249,539|5474,173,579|5475,53,620
5476,314,142|5477,198,145|5478,394,179|5479,187,185|5480,361,222|5481,111,224|5482,280,263|5483,48,267|5484,107,305|5485,165,344|5486,240,381|5487,56,384|5488,226,424|5489,245,461|5490,200,502|5491,270,542|5492,313,580|5493,50,586|5494,57,624
5495,52,302|5496,320,416|5497,247,420|5498,156,421|5499,51,424|5500,313,457|5501,179,460|5502,53,463|5503,300,496|5504,140,500|5505,341,538|5506,158,540|5507,348,576|5508,247,577|5509,108,580|5510,349,615|5511,185,617|5512,52,618|5513,-138,64
5514,208,62|5515,88,68|5516,393,102|5517,289,104|5518,167,105|5519,362,141|5520,211,146|5521,106,147|5522,350,181|5523,244,183|5524,150,186|5525,395,223|5526,82,383|5527,355,418|5528,256,421|5529,134,422|5530,364,459|5531,279,461|5532,77,463|5533,275,500|5534,155,502|5535,395,537|5536,290,542|5537,143,542|5538,342,579|5539,174,582|5540,337,618|5541,183,620|5542,50,626
5543,220,63|5544,393,103|5545,232,102|5546,107,105|5547,170,146|5548,337,183|5549,194,183|5550,49,185|5551,52,225|5552,274,341|5553,106,341|5554,259,380|5555,72,381|5556,258,421|5557,125,421|5558,396,461|5559,288,461|5560,154,461|5561,348,499|5562,261,499|5563,119,501|5564,288,540|5565,102,541|5566,347,580|5567,139,581|5568,347,618|5569,191,620|5570,54,620
5571,291,64|5572,184,62|5573,58,64|5574,325,104|5575,197,102|5576,58,102|5577,291,142|5578,202,143|5579,102,140|5580,314,182|5581,152,179|5582,398,222|5583,270,221|5584,109,219|5585,365,260|5586,249,259|5587,56,258|5588,262,301|5589,106,302|5590,267,339|5591,57,338|5592,55,458|5593,349,538|5594,55,537|5595,80,580|5596,58,619
5597,165,64|5598,265,103|5599,320,139|5600,394,177|5601,169,179|5602,237,220|5603,394,257|5604,53,265|5605,160,301|5606,236,341|5607,52,341|5608,187,381|5609,383,419|5610,401,460|5611,172,460|5612,354,537|5613,76,541|5614,214,578|5615,280,619|5616,59,621
5617,96,65|5618,85,103|5619,393,179|5620,52,182|5621,54,222|5622,53,262|5623,301,376|5624,169,380|5625,54,380|5626,311,418|5627,191,417|5628,88,419|5629,313,456|5630,168,460|5631,393,494|5632,263,497|5633,139,500|5634,394,535|5635,290,536|5636,115,538|5637,321,574|5638,182,577|5639,390,611|5640,212,616|5641,55,619
5642,258,61|5643,103,62|5644,351,101|5645,205,103|5646,52,103|5647,271,139|5648,165,141|5649,217,180|5650,53,181|5651,211,219|5652,358,259|5653,169,261|5654,346,299|5655,211,299|5656,52,299|5657,278,341|5658,115,341|5659,334,378|5660,106,381|5661,292,420|5662,148,419|5663,316,459|5664,171,459|5665,295,497|5666,116,499|5667,330,538|5668,125,539|5669,311,579|5670,89,581|5671,288,619|5672,59,619
5673,319,145|5674,201,142|5675,56,147|5676,325,181|5677,217,182|5678,57,182|5679,309,221|5680,182,224|5681,395,262|5682,257,264|5683,107,263|5684,274,303|5685,113,305|5686,252,342|5687,110,343|5688,363,382|5689,179,383|5690,316,421|5691,113,423|5692,272,462|5693,113,461|5694,364,497|5695,231,499|5696,394,539|5697,258,539|5698,143,543|5699,291,581|5700,131,582|5701,272,619|5702,59,622
5703,298,58|5704,186,58|5705,88,59|5706,358,95|5707,164,99|5708,357,139|5709,331,176|5710,195,216|5711,249,256|5712,54,296|5713,308,414|5714,173,413|5715,394,453|5716,272,454|5717,159,455|5718,394,493|5719,281,493|5720,119,495|5721,347,533|5722,116,533|5723,314,575|5724,138,574|5725,358,613|5726,223,612|5727,51,614
5728,215,61|5729,47,63|5730,259,100|5731,88,103|5732,308,141|5733,195,140|5734,99,142|5735,355,180|5736,216,181|5737,392,220|5738,208,221|5739,390,260|5740,249,261|5741,50,261|5742,239,298|5743,50,303|5744,301,339|5745,151,342|5746,337,378|5747,154,380|5748,342,419|5749,245,419|5750,115,419|5751,327,457|5752,390,496|5753,237,497|5754,395,536|5755,265,538|5756,144,536|5757,325,575|5758,50,581
5759,327,105|5760,215,109|5761,71,109|5762,268,146|5763,168,148|5764,54,150|5765,296,186|5766,163,190|5767,81,189|5768,338,224|5769,233,226|5770,139,227|5771,394,262|5772,281,264|5773,189,265|5774,118,266|5775,347,303|5776,225,304|5777,78,306|5778,319,343|5779,217,346|5780,101,346|5781,328,381|5782,162,383|5783,399,420|5784,251,423|5785,149,426|5786,56,425|5787,319,463|5788,217,463|5789,114,465|5790,334,500|5791,198,503|5792,57,506|5793,329,541|5794,211,544|5795,368,579|5796,234,581|5797,97,584|5798,307,620|5799,215,620|5800,55,623
5801,288,142|5802,128,142|5803,345,179|5804,187,181|5805,392,218|5806,237,221|5807,80,222|5808,292,261|5809,175,260|5810,393,299|5811,255,299|5812,111,302|5813,348,337|5814,179,339|5815,50,342|5816,312,379|5817,183,380|5818,50,380|5819,280,417|5820,88,420|5821,349,455|5822,193,458|5823,395,496|5824,227,498|5825,51,503|5826,321,536|5827,160,537|5828,346,577|5829,51,579
5830,265,103|5831,114,104|5832,345,141|5833,207,143|5834,343,180|5835,87,183|5836,245,221|5837,53,220|5838,257,259|5839,96,260|5840,352,298|5841,224,300|5842,81,301|5843,285,338|5844,158,342|5845,392,377|5846,228,377|5847,392,417|5848,53,419|5849,294,535|5850,53,537|5851,192,574|5852,342,615|5853,249,617|5854,52,621
5855,210,63|5856,86,63|5857,358,100|5858,211,100|5859,52,103|5860,215,141|5861,346,179|5862,103,181|5863,241,220|5864,96,222|5865,246,258|5866,392,298|5867,248,298|5868,146,298|5869,393,336|5870,254,338|5871,112,338|5872,251,377|5873,53,380|5874,105,418|5875,331,457|5876,127,458|5877,151,498|5878,329,535|5879,56,539|5880,163,577|5881,337,617|5882,54,618
5883,267,61|5884,52,60|5885,295,179|5886,161,181|5887,396,217|5888,250,218|5889,106,218|5890,145,259|5891,306,298|5892,108,300|5893,296,339|5894,104,339|5895,330,377|5896,219,377|5897,54,378|5898,288,417|5899,119,418|5900,338,457|5901,199,458|5902,56,458|5903,259,495|5904,117,498|5905,212,537|5906,395,575|5907,217,575|5908,54,577|5909,53,620
5910,276,142|5911,155,144|5912,391,178|5913,237,180|5914,113,181|5915,362,220|5916,118,222|5917,149,258|5918,120,303|5919,306,378|5920,109,421|5921,325,457|5922,186,460|5923,54,461|5924,297,497|5925,194,498|5926,396,535|5927,287,536|5928,105,540|5929,314,577|5930,179,578|5931,55,581
5932,313,102|5933,185,100|5934,86,102|5935,288,142|5936,131,142|5937,363,179|5938,175,181|5939,52,181|5940,311,218|5941,168,221|5942,52,221|5943,277,258|5944,170,259|5945,77,261|5946,324,297|5947,237,298|5948,54,300|5949,271,418|5950,154,417|5951,397,456|5952,256,457|5953,119,457|5954,346,497|5955,109,498|5956,348,536|5957,185,539|5958,53,537|5959,290,576|5960,122,576|5961,327,616|5962,210,617|5963,55,619
5964,228,62|5965,76,64|5966,220,102|5967,54,104|5968,221,220|5969,53,220|5970,316,257|5971,198,259|5972,53,259|5973,225,301|5974,52,300|5975,282,337|5976,165,340|5977,54,338|5978,285,379|5979,174,379|5980,51,377|5981,296,419|5982,173,419|5983,51,418|5984,154,459|5985,352,496|5986,166,497|5987,332,536|5988,143,536|5989,327,576|5990,179,578|5991,339,617|5992,214,616|5993,53,619
5994,349,141|5995,251,141|5996,134,142|5997,395,179|5998,207,180|5999,396,220|6000,267,219|6001,54,221|6002,193,261|6003,52,261|6004,264,299|6005,102,299|6006,234,342|6007,83,339|6008,394,418|6009,52,423|6010,235,459|6011,325,497|6012,53,498|6013,222,538|6014,369,577|6015,146,578|6016,54,619
6017,240,60|6018,50,60|6019,273,100|6020,97,101|6021,269,140|6022,146,142|6023,53,146|6024,272,259|6025,128,262|6026,392,295|6027,201,297|6028,368,339|6029,189,338|6030,392,374|6031,254,377|6032,106,378|6033,340,417|6034,209,419|6035,48,419|6036,340,456|6037,148,459|6038,393,497|6039,244,496|6040,240,537|6041,92,540|6042,177,577|6043,48,580
6044,290,106|6045,173,105|6046,52,108|6047,289,144|6048,164,146|6049,392,183|6050,260,183|6051,81,184|6052,299,223|6053,131,222|6054,329,263|6055,185,264|6056,269,300|6057,187,342|6058,51,343|6059,314,461|6060,205,463|6061,53,463|6062,312,500|6063,179,504|6064,56,505|6065,294,541|6066,141,543|6067,397,579|6068,269,580|6069,101,582|6070,353,621|6071,203,620|6072,60,624
6073,268,61|6074,128,65|6075,341,100|6076,175,103|6077,323,141|6078,156,142|6079,52,145|6080,334,260|6081,210,260|6082,51,262|6083,214,302|6084,344,338|6085,154,342|6086,336,379|6087,173,378|6088,392,419|6089,232,421|6090,50,421|6091,266,538|6092,88,536|6093,316,578|6094,195,578|6095,72,580|6096,319,618|6097,185,619|6098,51,619
6099,303,146|6100,201,146|6101,52,147|6102,198,184|6103,395,225|6104,52,225|6105,248,263|6106,53,261|6107,257,382|6108,108,384|6109,352,422|6110,235,423|6111,92,421|6112,314,464|6113,212,464|6114,89,464|6115,334,503|6116,236,503|6117,88,502|6118,350,542|6119,208,542|6120,92,543|6121,268,582|6122,132,582|6123,394,623|6124,279,621|6125,54,624
6126,234,146|6127,52,149|6128,201,185|6129,233,225|6130,51,226|6131,281,383|6132,51,382|6133,288,424|6134,261,461|6135,340,542|6136,92,584|6137,52,625
6138,51,107|6139,231,222|6140,392,261|6141,236,263|6142,52,263|6143,259,301|6144,279,342|6145,345,380|6146,54,383|6147,284,499|6148,154,498|6149,394,540|6150,284,541|6151,147,541|6152,306,580|6153,138,582|6154,294,619|6155,53,620
6156,253,63|6157,56,63|6158,310,179|6159,200,179|6160,385,219|6161,56,219|6162,87,261|6163,233,300|6164,388,340|6165,178,340|6166,361,379|6167,197,377|6168,81,379|6169,281,498|6170,130,499|6171,329,537|6172,153,537|6173,307,577|6174,138,578|6175,294,617|6176,54,618
6177,334,147|6178,166,145|6179,51,186|6180,229,302|6181,48,305|6182,233,344|6183,50,347|6184,246,384|6185,111,383|6186,315,425|6187,171,423|6188,51,426|6189,152,543|6190,321,584|6191,115,585|6192,265,623|6193,52,625
6194,271,147|6195,388,186|6196,172,185|6197,120,227|6198,177,345|6199,286,385|6200,52,384|6201,255,424|6202,388,461|6203,215,464|6204,52,463|6205,220,583|6206,52,583|6207,124,622
6208,219,146|6209,49,148|6210,217,185|6211,50,188|6212,220,226|6213,51,229|6214,179,347|6215,186,385|6216,112,426|6217,217,543|6218,314,581|6219,118,583|6220,266,624|6221,50,625
6222,291,139|6223,184,140|6224,66,139|6225,138,178|6226,261,298|6227,133,299|6228,283,337|6229,63,337|6230,137,375|6231,237,500|6232,96,500|6233,332,538|6234,104,538|6235,120,579|6236,149,616